/*--------------------------------*- C++ -*----------------------------------*\
  =========                 |
  \\      /  F ield         | OpenFOAM: The Open Source CFD Toolbox
   \\    /   O peration     | Website:  https://openfoam.org
    \\  /    A nd           | Version:  10
     \\/     M anipulation  |
\*---------------------------------------------------------------------------*/
FoamFile
{
    format      ascii;
    class       volScalarField;
    location    "0.004";
    object      TLiquidus;
}
// * * * * * * * * * * * * * * * * * * * * * * * * * * * * * * * * * * * * * //

dimensions      [0 0 0 1 0 0 0];

internalField   nonuniform List<scalar> 
19200
(
10
10
10
10
10
10
10
10
10
10
10
10
10
10
10
10
10
10
10
10
10
10
10
10
10
10
10
10
10
10
10
10
10
10
10
10
10
10
10
10
10
10
10
10
10
10
10
10
10
10
1723
1723
1723
1723
1723
1723
1723
1723
1723
1723
1723
1723
1723
1723
1723
1723
1723
1723
1723
1723
1723
1723
1723
1723
1723
1723
1723
1723
1723
1723
10
10
10
10
10
10
10
10
10
10
10
10
10
10
10
10
10
10
10
10
10
10
10
10
10
10
10
10
10
10
10
10
10
10
10
10
10
10
10
10
10
10
10
10
10
10
10
10
10
10
1723
1723
1723
1723
1723
1723
1723
1723
1723
1723
1723
1723
1723
1723
1723
1723
1723
1723
1723
1723
1723
1723
1723
1723
1723
1723
1723
1723
1723
1723
10
10
10
10
10
10
10
10
10
10
10
10
10
10
10
10
10
10
10
10
10
10
10
10
10
10
10
10
10
10
10
10
10
10
10
10
10
10
10
10
10
10
10
10
10
10
10
10
10
10
1723
1723
1723
1723
1723
1723
1723
1723
1723
1723
1723
1723
1723
1723
1723
1723
1723
1723
1723
1723
1723
1723
1723
1723
1723
1723
1723
1723
1723
1723
10
10
10
10
10
10
10
10
10
10
10
10
10
10
10
10
10
10
10
10
10
10
10
10
10
10
10
10
10
10
10
10
10
10
10
10
10
10
10
10
10
10
10
10
10
10
10
10
10
10
1723
1723
1723
1723
1723
1723
1723
1723
1723
1723
1723
1723
1723
1723
1723
1723
1723
1723
1723
1723
1723
1723
1723
1723
1723
1723
1723
1723
1723
1723
10
10
10
10
10
10
10
10
10
10
10
10
10
10
10
10
10
10
10
10
10
10
10
10
10
10
10
10
10
10
10
10
10
10
10
10
10
10
10
10
10
10
10
10
10
10
10
10
10
10
1723
1723
1723
1723
1723
1723
1723
1723
1723
1723
1723
1723
1723
1723
1723
1723
1723
1723
1723
1723
1723
1723
1723
1723
1723
1723
1723
1723
1723
1723
10
10
10
10
10
10
10
10
10
10
10
10
10
10
10
10
10
10
10
10
10
10
10
10
10
10
10
10
10
10
10
10
10
10
10
10
10
10
10
10
10
10
10
10
10
10
10
10
10
10
1723
1723
1723
1723
1723
1723
1723
1723
1723
1723
1723
1723
1723
1723
1723
1723
1723
1723
1723
1723
1723
1723
1723
1723
1723
1723
1723
1723
1723
1723
10
10
10
10
10
10
10
10
10
10
10
10
10
10
10
10
10
10
10
10
10
10
10
10
10
10
10
10
10
10
10
10
10
10
10
10
10
10
10
10
10
10
10
10
10
10
10
10
10
10
1723
1723
1723
1723
1723
1723
1723
1723
1723
1723
1723
1723
1723
1723
1723
1723
1723
1723
1723
1723
1723
1723
1723
1723
1723
1723
1723
1723
1723
1723
10
10
10
10
10
10
10
10
10
10
10
10
10
10
10
10
10
10
10
10
10
10
10
10
10
10
10
10
10
10
10
10
10
10
10
10
10
10
10
10
10
10
10
10
10
10
10
10
10
10
1723
1723
1723
1723
1723
1723
1723
1723
1723
1723
1723
1723
1723
1723
1723
1723
1723
1723
1723
1723
1723
1723
1723
1723
1723
1723
1723
1723
1723
1723
10
10
10
10
10
10
10
10
10
10
10
10
10
10
10
10
10
10
10
10
10
10
10
10
10
10
10
10
10
10
10
10
10
10
10
10
10
10
10
10
10
10
10
10
10
10
10
10
10
10
1723
1723
1723
1723
1723
1723
1723
1723
1723
1723
1723
1723
1723
1723
1723
1723
1723
1723
1723
1723
1723
1723
1723
1723
1723
1723
1723
1723
1723
1723
10
10
10
10
10
10
10
10
10
10
10
10
10
10
10
10
10
10
10
10
10
10
10
10
10
10
10
10
10
10
10
10
10
10
10
10
10
10
10
10.00000017
10.00000016
10
10
10
10
10
10
10
10
10
1723
1723
1723
1723
1723
1723
1723
1723
1723
1723
1723
1723
1723
1723
1723
1723
1723
1723
1723
1723
1723
1723
1723
1723
1723
1723
1723
1723
1723
1723
10
10
10
10
10
10
10
10
10
10
10
10
10
10
10
10
10
10
10
10
10
10
10
10
10
10
10
10
10
10
10
10
10
10
10
10
10.00000047
1723
1723
1723
1723
1723
1723
10.00000043
10
10
10
10
10
10
1723
1723
1723
1723
1723
1723
1723
1723
1723
1723
1723
1723
1723
1723
1723
1723
1723
1723
1723
1723
1723
1723
1723
1723
1723
1723
1723
1723
1723
1723
10
10
10
10
10
10
10
10
10
10
10
10
10
10
10
10
10
10
10
10
10
10
10
10
10
10
10
10
10
10
10
10
10
10.00000009
10.00000029
1723
1723
1723
1723
1723
1723
1723
1723
1723
1723
10.00000017
10.00000001
10
10
10
1723
1723
1723
1723
1723
1723
1723
1723
1723
1723
1723
1723
1723
1723
1723
1723
1723
1723
1723
1723
1723
1723
1723
1723
1723
1723
1723
1723
1723
1723
10
10
10
10
10
10
10
10
10
10
10
10
10
10
10
10
10
10
10
10
10
10
10
10
10
10
10
10
10
10
10
10
10
1723
1723
1723
1723
1723
1723
1723
1723
1723
1723
1723
1723
1723
1723
10
10
10
1723
1723
1723
1723
1723
1723
1723
1723
1723
1723
1723
1723
1723
1723
1723
1723
1723
1723
1723
1723
1723
1723
1723
1723
1723
1723
1723
1723
1723
1723
10
10
10
10
10
10
10
10
10
10
10
10
10
10
10
10
10
10
10
10
10
10
10
10
10
10
10
10
10
10
10
10.00000009
1723
1723
1723
1723
1723
1723
1723
1723
1723
1723
1723
1723
1723
1723
1723
1722.999999
10.00000078
10.00000038
1723
1723
1723
1723
1723
1723
1723
1723
1723
1723
1723
1723
1723
1723
1723
1723
1723
1723
1723
1723
1723
1723
1723
1723
1723
1723
1723
1723
1723
1723
10
10
10
10
10
10
10
10
10
10
10
10
10
10
10
10
10
10
10
10
10
10
10
10
10
10
10
10
10
10
10
10.0000003
1723
1723
1723
1723
1723
1723
1723
1723
1723
1723
1723
1723
1723
1723
1723
1723
10.0000002
10
1723
1723
1723
1723
1723
1723
1723
1723
1723
1723
1723
1723
1723
1723
1723
1723
1723
1723
1723
1723
1723
1723
1723
1723
1723
1723
1723
1723
1723
1723
10
10
10
10
10
10
10
10
10
10
10
10
10
10
10
10
10
10
10
10
10
10
10
10
10
10
10
10
10
10
10
1723
1723
1723
1723
1723
1723
1723
1723
1723
1723
1723
1723
1723
1723
1723
1723
1723
1723
10.00000147
1723
1723
1723
1723
1723
1723
1723
1723
1723
1723
1723
1723
1723
1723
1723
1723
1723
1723
1723
1723
1723
1723
1723
1723
1723
1723
1723
1723
1723
1723
10
10
10
10
10
10
10
10
10
10
10
10
10
10
10
10
10
10
10
10
10
10
10
10
10
10
10
10
10
10
10.00000048
1723
1723
1723
1723
1723
1723
1723
1723
1723
1723
1723
1723
1723
1723
1723
1723
1723
1723
10.00000002
1723
1723
1723
1723
1723
1723
1723
1723
1723
1723
1723
1723
1723
1723
1723
1723
1723
1723
1723
1723
1723
1723
1723
1723
1723
1723
1723
1723
1723
1723
10
10
10
10
10
10
10
10
10
10
10
10
10
10
10
10
10
10
10
10
10
10
10
10
10
10
10
10
10
10
1723
1723
1723
1723
1723
1723
1723
1723
1723
1723
1723
1723
1723
1723
1723
1723
1723
1723
1723
1723
1723
1723
1723
1723
1723
1723
1723
1723
1723
1723
1723
1723
1723
1723
1723
1723
1723
1723
1723
1723
1723
1723
1723
1723
1723
1723
1723
1723
1723
1723
10
10
10
10
10
10
10
10
10
10
10
10
10
10
10
10
10
10
10
10
10
10
10
10
10
10
10
10
10
10
1723
1723
1723
1723
1723
1723
1723
1723
1723
1723
1723
1723
1723
1723
1723
1723
1723
1723
1723
1723
1723
1723
1723
1723
1723
1723
1723
1723
1723
1723
1723
1723
1723
1723
1723
1723
1723
1723
1723
1723
1723
1723
1723
1723
1723
1723
1723
1723
1723
1723
10
10
10
10
10
10
10
10
10
10
10
10
10
10
10
10
10
10
10
10
10
10
10
10
10
10
10
10
10
10.00000018
1723
1723
1723
1723
1723
1723
1723
1723
1723
1723
1723
1723
1723
1723
1723
1723
1723
1723
1723
1723
1723
1723
1723
1723
1723
1723
1723
1723
1723
1723
1723
1723
1723
1723
1723
1723
1723
1723
1723
1723
1723
1723
1723
1723
1723
1723
1723
1723
1723
1723
10
10
10
10
10
10
10
10
10
10
10
10
10
10
10
10
10
10
10
10
10
10
10
10
10
10
10
10
10
10.00000018
1723
1723
1723
1723
1723
1723
1723
1723
1723
1723
1723
1723
1723
1723
1723
1723
1723
1723
1723
1723
1723
1723
1723
1723
1723
1723
1723
1723
1723
1723
1723
1723
1723
1723
1723
1723
1723
1723
1723
1723
1723
1723
1723
1723
1723
1723
1723
1723
1723
1723
10
10
10
10
10
10
10
10
10
10
10
10
10
10
10
10
10
10
10
10
10
10
10
10
10
10
10
10
10
10
1723
1723
1723
1723
1723
1723
1723
1723
1723
1723
1723
1723
1723
1723
1723
1723
1723
1723
1723
1723
1723
1723
1723
1723
1723
1723
1723
1723
1723
1723
1723
1723
1723
1723
1723
1723
1723
1723
1723
1723
1723
1723
1723
1723
1723
1723
1723
1723
1723
1723
10
10
10
10
10
10
10
10
10
10
10
10
10
10
10
10
10
10
10
10
10
10
10
10
10
10
10
10
10
10
1723
1723
1723
1723
1723
1723
1723
1723
1723
1723
1723
1723
1723
1723
1723
1723
1723
1723
1723
1723
1723
1723
1723
1723
1723
1723
1723
1723
1723
1723
1723
1723
1723
1723
1723
1723
1723
1723
1723
1723
1723
1723
1723
1723
1723
1723
1723
1723
1723
1723
10
10
10
10
10
10
10
10
10
10
10
10
10
10
10
10
10
10
10
10
10
10
10
10
10
10
10
10
10
10
10.00000048
1723
1723
1723
1723
1723
1723
1723
1723
1723
1723
1723
1723
1723
1723
1723
1723
1723
1723
10.00000002
1723
1723
1723
1723
1723
1723
1723
1723
1723
1723
1723
1723
1723
1723
1723
1723
1723
1723
1723
1723
1723
1723
1723
1723
1723
1723
1723
1723
1723
1723
10
10
10
10
10
10
10
10
10
10
10
10
10
10
10
10
10
10
10
10
10
10
10
10
10
10
10
10
10
10
10
1723
1723
1723
1723
1723
1723
1723
1723
1723
1723
1723
1723
1723
1723
1723
1723
1723
1723
10.00000147
1723
1723
1723
1723
1723
1723
1723
1723
1723
1723
1723
1723
1723
1723
1723
1723
1723
1723
1723
1723
1723
1723
1723
1723
1723
1723
1723
1723
1723
1723
10
10
10
10
10
10
10
10
10
10
10
10
10
10
10
10
10
10
10
10
10
10
10
10
10
10
10
10
10
10
10
10.0000003
1723
1723
1723
1723
1723
1723
1723
1723
1723
1723
1723
1723
1723
1723
1723
1723
10.0000002
10
1723
1723
1723
1723
1723
1723
1723
1723
1723
1723
1723
1723
1723
1723
1723
1723
1723
1723
1723
1723
1723
1723
1723
1723
1723
1723
1723
1723
1723
1723
10
10
10
10
10
10
10
10
10
10
10
10
10
10
10
10
10
10
10
10
10
10
10
10
10
10
10
10
10
10
10
10.00000009
1723
1723
1723
1723
1723
1723
1723
1723
1723
1723
1723
1723
1723
1723
1723
1722.999999
10.00000078
10.00000037
1723
1723
1723
1723
1723
1723
1723
1723
1723
1723
1723
1723
1723
1723
1723
1723
1723
1723
1723
1723
1723
1723
1723
1723
1723
1723
1723
1723
1723
1723
10
10
10
10
10
10
10
10
10
10
10
10
10
10
10
10
10
10
10
10
10
10
10
10
10
10
10
10
10
10
10
10
10
1723
1723
1723
1723
1723
1723
1723
1723
1723
1723
1723
1723
1723
1723
10
10
10
1723
1723
1723
1723
1723
1723
1723
1723
1723
1723
1723
1723
1723
1723
1723
1723
1723
1723
1723
1723
1723
1723
1723
1723
1723
1723
1723
1723
1723
1723
10
10
10
10
10
10
10
10
10
10
10
10
10
10
10
10
10
10
10
10
10
10
10
10
10
10
10
10
10
10
10
10
10
10.00000009
10.00000029
1723
1723
1723
1723
1723
1723
1723
1723
1723
1723
10.00000017
10.00000001
10
10
10
1723
1723
1723
1723
1723
1723
1723
1723
1723
1723
1723
1723
1723
1723
1723
1723
1723
1723
1723
1723
1723
1723
1723
1723
1723
1723
1723
1723
1723
1723
10
10
10
10
10
10
10
10
10
10
10
10
10
10
10
10
10
10
10
10
10
10
10
10
10
10
10
10
10
10
10
10
10
10
10
10
10.00000047
1723
1723
1723
1723
1723
1723
10.00000043
10
10
10
10
10
10
1723
1723
1723
1723
1723
1723
1723
1723
1723
1723
1723
1723
1723
1723
1723
1723
1723
1723
1723
1723
1723
1723
1723
1723
1723
1723
1723
1723
1723
1723
10
10
10
10
10
10
10
10
10
10
10
10
10
10
10
10
10
10
10
10
10
10
10
10
10
10
10
10
10
10
10
10
10
10
10
10
10
10
10
10.00000017
10.00000016
10
10
10
10
10
10
10
10
10
1723
1723
1723
1723
1723
1723
1723
1723
1723
1723
1723
1723
1723
1723
1723
1723
1723
1723
1723
1723
1723
1723
1723
1723
1723
1723
1723
1723
1723
1723
10
10
10
10
10
10
10
10
10
10
10
10
10
10
10
10
10
10
10
10
10
10
10
10
10
10
10
10
10
10
10
10
10
10
10
10
10
10
10
10
10
10
10
10
10
10
10
10
10
10
1723
1723
1723
1723
1723
1723
1723
1723
1723
1723
1723
1723
1723
1723
1723
1723
1723
1723
1723
1723
1723
1723
1723
1723
1723
1723
1723
1723
1723
1723
10
10
10
10
10
10
10
10
10
10
10
10
10
10
10
10
10
10
10
10
10
10
10
10
10
10
10
10
10
10
10
10
10
10
10
10
10
10
10
10
10
10
10
10
10
10
10
10
10
10
1723
1723
1723
1723
1723
1723
1723
1723
1723
1723
1723
1723
1723
1723
1723
1723
1723
1723
1723
1723
1723
1723
1723
1723
1723
1723
1723
1723
1723
1723
10
10
10
10
10
10
10
10
10
10
10
10
10
10
10
10
10
10
10
10
10
10
10
10
10
10
10
10
10
10
10
10
10
10
10
10
10
10
10
10.00000017
10.00000016
10
10
10
10
10
10
10
10
10
1723
1723
1723
1723
1723
1723
1723
1723
1723
1723
1723
1723
1723
1723
1723
1723
1723
1723
1723
1723
1723
1723
1723
1723
1723
1723
1723
1723
1723
1723
10
10
10
10
10
10
10
10
10
10
10
10
10
10
10
10
10
10
10
10
10
10
10
10
10
10
10
10
10
10
10
10
10
10
10
10
10.00000047
1723
1723
1723
1723
1723
1723
10.00000043
10
10
10
10
10
10
1723
1723
1723
1723
1723
1723
1723
1723
1723
1723
1723
1723
1723
1723
1723
1723
1723
1723
1723
1723
1723
1723
1723
1723
1723
1723
1723
1723
1723
1723
10
10
10
10
10
10
10
10
10
10
10
10
10
10
10
10
10
10
10
10
10
10
10
10
10
10
10
10
10
10
10
10
10
10.00000009
10.00000029
1723
1723
1723
1723
1723
1723
1723
1723
1723
1723
10.00000017
10.00000001
10
10
10
1723
1723
1723
1723
1723
1723
1723
1723
1723
1723
1723
1723
1723
1723
1723
1723
1723
1723
1723
1723
1723
1723
1723
1723
1723
1723
1723
1723
1723
1723
10
10
10
10
10
10
10
10
10
10
10
10
10
10
10
10
10
10
10
10
10
10
10
10
10
10
10
10
10
10
10
10
10
1723
1723
1723
1723
1723
1723
1723
1723
1723
1723
1723
1723
1723
1723
10
10
10
1723
1723
1723
1723
1723
1723
1723
1723
1723
1723
1723
1723
1723
1723
1723
1723
1723
1723
1723
1723
1723
1723
1723
1723
1723
1723
1723
1723
1723
1723
10
10
10
10
10
10
10
10
10
10
10
10
10
10
10
10
10
10
10
10
10
10
10
10
10
10
10
10
10
10
10
10.00000009
1723
1723
1723
1723
1723
1723
1723
1723
1723
1723
1723
1723
1723
1723
1723
1722.999999
10.00000077
10.00000037
1723
1723
1723
1723
1723
1723
1723
1723
1723
1723
1723
1723
1723
1723
1723
1723
1723
1723
1723
1723
1723
1723
1723
1723
1723
1723
1723
1723
1723
1723
10
10
10
10
10
10
10
10
10
10
10
10
10
10
10
10
10
10
10
10
10
10
10
10
10
10
10
10
10
10
10
10.0000003
1723
1723
1723
1723
1723
1723
1723
1723
1723
1723
1723
1723
1723
1723
1723
1723
10.0000002
10
1723
1723
1723
1723
1723
1723
1723
1723
1723
1723
1723
1723
1723
1723
1723
1723
1723
1723
1723
1723
1723
1723
1723
1723
1723
1723
1723
1723
1723
1723
10
10
10
10
10
10
10
10
10
10
10
10
10
10
10
10
10
10
10
10
10
10
10
10
10
10
10
10
10
10
10
1723
1723
1723
1723
1723
1723
1723
1723
1723
1723
1723
1723
1723
1723
1723
1723
1723
1723
10.00000147
1723
1723
1723
1723
1723
1723
1723
1723
1723
1723
1723
1723
1723
1723
1723
1723
1723
1723
1723
1723
1723
1723
1723
1723
1723
1723
1723
1723
1723
1723
10
10
10
10
10
10
10
10
10
10
10
10
10
10
10
10
10
10
10
10
10
10
10
10
10
10
10
10
10
10
10.00000048
1723
1723
1723
1723
1723
1723
1723
1723
1723
1723
1723
1723
1723
1723
1723
1723
1723
1723
10.00000002
1723
1723
1723
1723
1723
1723
1723
1723
1723
1723
1723
1723
1723
1723
1723
1723
1723
1723
1723
1723
1723
1723
1723
1723
1723
1723
1723
1723
1723
1723
10
10
10
10
10
10
10
10
10
10
10
10
10
10
10
10
10
10
10
10
10
10
10
10
10
10
10
10
10
10
1723
1723
1723
1723
1723
1723
1723
1723
1723
1723
1723
1723
1723
1723
1723
1723
1723
1723
1723
1723
1723
1723
1723
1723
1723
1723
1723
1723
1723
1723
1723
1723
1723
1723
1723
1723
1723
1723
1723
1723
1723
1723
1723
1723
1723
1723
1723
1723
1723
1723
10
10
10
10
10
10
10
10
10
10
10
10
10
10
10
10
10
10
10
10
10
10
10
10
10
10
10
10
10
10
1723
1723
1723
1723
1723
1723
1723
1723
1723
1723
1723
1723
1723
1723
1723
1723
1723
1723
1723
1723
1723
1723
1723
1723
1723
1723
1723
1723
1723
1723
1723
1723
1723
1723
1723
1723
1723
1723
1723
1723
1723
1723
1723
1723
1723
1723
1723
1723
1723
1723
10
10
10
10
10
10
10
10
10
10
10
10
10
10
10
10
10
10
10
10
10
10
10
10
10
10
10
10
10
10.00000018
1723
1723
1723
1723
1723
1723
1723
1723
1723
1723
1723
1723
1723
1723
1723
1723
1723
1723
1723
1723
1723
1723
1723
1723
1723
1723
1723
1723
1723
1723
1723
1723
1723
1723
1723
1723
1723
1723
1723
1723
1723
1723
1723
1723
1723
1723
1723
1723
1723
1723
10
10
10
10
10
10
10
10
10
10
10
10
10
10
10
10
10
10
10
10
10
10
10
10
10
10
10
10
10
10.00000018
1723
1723
1723
1723
1723
1723
1723
1723
1723
1723
1723
1723
1723
1723
1723
1723
1723
1723
1723
1723
1723
1723
1723
1723
1723
1723
1723
1723
1723
1723
1723
1723
1723
1723
1723
1723
1723
1723
1723
1723
1723
1723
1723
1723
1723
1723
1723
1723
1723
1723
10
10
10
10
10
10
10
10
10
10
10
10
10
10
10
10
10
10
10
10
10
10
10
10
10
10
10
10
10
10
1723
1723
1723
1723
1723
1723
1723
1723
1723
1723
1723
1723
1723
1723
1723
1723
1723
1723
1723
1723
1723
1723
1723
1723
1723
1723
1723
1723
1723
1723
1723
1723
1723
1723
1723
1723
1723
1723
1723
1723
1723
1723
1723
1723
1723
1723
1723
1723
1723
1723
10
10
10
10
10
10
10
10
10
10
10
10
10
10
10
10
10
10
10
10
10
10
10
10
10
10
10
10
10
10
1723
1723
1723
1723
1723
1723
1723
1723
1723
1723
1723
1723
1723
1723
1723
1723
1723
1723
1723
1723
1723
1723
1723
1723
1723
1723
1723
1723
1723
1723
1723
1723
1723
1723
1723
1723
1723
1723
1723
1723
1723
1723
1723
1723
1723
1723
1723
1723
1723
1723
10
10
10
10
10
10
10
10
10
10
10
10
10
10
10
10
10
10
10
10
10
10
10
10
10
10
10
10
10
10
10.00000048
1723
1723
1723
1723
1723
1723
1723
1723
1723
1723
1723
1723
1723
1723
1723
1723
1723
1723
10.00000002
1723
1723
1723
1723
1723
1723
1723
1723
1723
1723
1723
1723
1723
1723
1723
1723
1723
1723
1723
1723
1723
1723
1723
1723
1723
1723
1723
1723
1723
1723
10
10
10
10
10
10
10
10
10
10
10
10
10
10
10
10
10
10
10
10
10
10
10
10
10
10
10
10
10
10
10
1723
1723
1723
1723
1723
1723
1723
1723
1723
1723
1723
1723
1723
1723
1723
1723
1723
1723
10.00000147
1723
1723
1723
1723
1723
1723
1723
1723
1723
1723
1723
1723
1723
1723
1723
1723
1723
1723
1723
1723
1723
1723
1723
1723
1723
1723
1723
1723
1723
1723
10
10
10
10
10
10
10
10
10
10
10
10
10
10
10
10
10
10
10
10
10
10
10
10
10
10
10
10
10
10
10
10.0000003
1723
1723
1723
1723
1723
1723
1723
1723
1723
1723
1723
1723
1723
1723
1723
1723
10.0000002
10
1723
1723
1723
1723
1723
1723
1723
1723
1723
1723
1723
1723
1723
1723
1723
1723
1723
1723
1723
1723
1723
1723
1723
1723
1723
1723
1723
1723
1723
1723
10
10
10
10
10
10
10
10
10
10
10
10
10
10
10
10
10
10
10
10
10
10
10
10
10
10
10
10
10
10
10
10.00000009
1723
1723
1723
1723
1723
1723
1723
1723
1723
1723
1723
1723
1723
1723
1723
1722.999999
10.00000078
10.00000038
1723
1723
1723
1723
1723
1723
1723
1723
1723
1723
1723
1723
1723
1723
1723
1723
1723
1723
1723
1723
1723
1723
1723
1723
1723
1723
1723
1723
1723
1723
10
10
10
10
10
10
10
10
10
10
10
10
10
10
10
10
10
10
10
10
10
10
10
10
10
10
10
10
10
10
10
10
10
1723
1723
1723
1723
1723
1723
1723
1723
1723
1723
1723
1723
1723
1723
10
10
10
1723
1723
1723
1723
1723
1723
1723
1723
1723
1723
1723
1723
1723
1723
1723
1723
1723
1723
1723
1723
1723
1723
1723
1723
1723
1723
1723
1723
1723
1723
10
10
10
10
10
10
10
10
10
10
10
10
10
10
10
10
10
10
10
10
10
10
10
10
10
10
10
10
10
10
10
10
10
10.00000009
10.00000029
1723
1723
1723
1723
1723
1723
1723
1723
1723
1723
10.00000017
10.00000001
10
10
10
1723
1723
1723
1723
1723
1723
1723
1723
1723
1723
1723
1723
1723
1723
1723
1723
1723
1723
1723
1723
1723
1723
1723
1723
1723
1723
1723
1723
1723
1723
10
10
10
10
10
10
10
10
10
10
10
10
10
10
10
10
10
10
10
10
10
10
10
10
10
10
10
10
10
10
10
10
10
10
10
10
10.00000047
1723
1723
1723
1723
1723
1723
10.00000043
10
10
10
10
10
10
1723
1723
1723
1723
1723
1723
1723
1723
1723
1723
1723
1723
1723
1723
1723
1723
1723
1723
1723
1723
1723
1723
1723
1723
1723
1723
1723
1723
1723
1723
10
10
10
10
10
10
10
10
10
10
10
10
10
10
10
10
10
10
10
10
10
10
10
10
10
10
10
10
10
10
10
10
10
10
10
10
10
10
10
10.00000017
10.00000016
10
10
10
10
10
10
10
10
10
1723
1723
1723
1723
1723
1723
1723
1723
1723
1723
1723
1723
1723
1723
1723
1723
1723
1723
1723
1723
1723
1723
1723
1723
1723
1723
1723
1723
1723
1723
10
10
10
10
10
10
10
10
10
10
10
10
10
10
10
10
10
10
10
10
10
10
10
10
10
10
10
10
10
10
10
10
10
10
10
10
10
10
10
10
10
10
10
10
10
10
10
10
10
10
1723
1723
1723
1723
1723
1723
1723
1723
1723
1723
1723
1723
1723
1723
1723
1723
1723
1723
1723
1723
1723
1723
1723
1723
1723
1723
1723
1723
1723
1723
10
10
10
10
10
10
10
10
10
10
10
10
10
10
10
10
10
10
10
10
10
10
10
10
10
10
10
10
10
10
10
10
10
10
10
10
10
10
10
10
10
10
10
10
10
10
10
10
10
10
1723
1723
1723
1723
1723
1723
1723
1723
1723
1723
1723
1723
1723
1723
1723
1723
1723
1723
1723
1723
1723
1723
1723
1723
1723
1723
1723
1723
1723
1723
10
10
10
10
10
10
10
10
10
10
10
10
10
10
10
10
10
10
10
10
10
10
10
10
10
10
10
10
10
10
10
10
10
10
10
10
10
10
10
10
10
10
10
10
10
10
10
10
10
10
1723
1723
1723
1723
1723
1723
1723
1723
1723
1723
1723
1723
1723
1723
1723
1723
1723
1723
1723
1723
1723
1723
1723
1723
1723
1723
1723
1723
1723
1723
10
10
10
10
10
10
10
10
10
10
10
10
10
10
10
10
10
10
10
10
10
10
10
10
10
10
10
10
10
10
10
10
10
10
10
10
10
10
10
10
10
10
10
10
10
10
10
10
10
10
1723
1723
1723
1723
1723
1723
1723
1723
1723
1723
1723
1723
1723
1723
1723
1723
1723
1723
1723
1723
1723
1723
1723
1723
1723
1723
1723
1723
1723
1723
10
10
10
10
10
10
10
10
10
10
10
10
10
10
10
10
10
10
10
10
10
10
10
10
10
10
10
10
10.00000011
10.00000006
10.00000006
10.0000001
10
10
10
10
10
10
10
10
10
10
10
10
10
10
10
10
10
10
1723
1723
1723
1723
1723
1723
1723
1723
1723
1723
1723
1723
1723
1723
1723
1723
1723
1723
1723
1723
1723
1723
1723
1723
1723
1723
1723
1723
1723
1723
10
10
10
10
10
10
10
10
10
10
10
10
10
10
10
10
10
10
10
10
10
10
10
10
10.00000046
10.00000076
1723
1723
1723
1723
1723
1723
1723
1723
10.00000076
10.00000045
10
10
10
10
10
10
10
10
10
10
10
10
10
10
1723
1723
1723
1723
1723
1723
1723
1723
1723
1723
1723
1723
1723
1723
1723
1723
1723
1723
1723
1723
1723
1723
1723
1723
1723
1723
1723
1723
1723
1723
10
10
10
10
10
10
10
10
10
10
10
10
10
10
10
10
10
10
10
10
10.00000006
10.00000043
1723
1723
1723
1723
1723
1723
1723
1723
1723
1723
1723
1723
1723
1723
1723
1723
10.00000043
10.00000005
10
10
10
10
10
10
10
10
10
10
1723
1723
1723
1723
1723
1723
1723
1723
1723
1723
1723
1723
1723
1723
1723
1723
1723
1723
1723
1723
1723
1723
1723
1723
1723
1723
1723
1723
1723
1723
10
10
10
10
10
10
10
10
10
10
10
10
10
10
10
10
10
10
10
10
1723
1723
1723
1723
1723
1723
1723
1723
1723
1723
1723
1723
1723
1723
1723
1723
1723
1723
1723
1723
10
10
10
10
10
10
10
10
10
10
1723
1723
1723
1723
1723
1723
1723
1723
1723
1723
1723
1723
1723
1723
1723
1723
1723
1723
1723
1723
1723
1723
1723
1723
1723
1723
1723
1723
1723
1723
10
10
10
10
10
10
10
10
10
10
10
10
10
10
10
10
10
10.00000006
10.00000056
1723
1723
1723
1723
1723
1723
1723
1723
1723
1723
1723
1723
1723
1723
1723
1723
1723
1723
1723
1723
1723
1723
10.00000054
10.00000005
10
10
10
10
10
10
10
1723
1723
1723
1723
1723
1723
1723
1723
1723
1723
1723
1723
1723
1723
1723
1723
1723
1723
1723
1723
1723
1723
1723
1723
1723
1723
1723
1723
1723
1723
10
10
10
10
10
10
10
10
10
10
10
10
10
10
10
10
10
1723
1723
1723
1723
1723
1723
1723
1723
1723
1723
1723
1723
1723
1723
1723
1723
1723
1723
1723
1723
1723
1723
1723
1723
1723
1723
10
10
10
10
10
10
10
1723
1723
1723
1723
1723
1723
1723
1723
1723
1723
1723
1723
1723
1723
1723
1723
1723
1723
1723
1723
1723
1723
1723
1723
1723
1723
1723
1723
1723
1723
10
10
10
10
10
10
10
10
10
10
10
10
10
10
10
10.00000007
1723
1723
1723
1723
1723
1723
1723
1723
1723
1723
1723
1723
1723
1723
1723
1723
1723
1723
1723
1723
1723
1723
1723
1723
1723
1723
1723
1723
10.00000002
10
10
10
10
10
1723
1723
1723
1723
1723
1723
1723
1723
1723
1723
1723
1723
1723
1723
1723
1723
1723
1723
1723
1723
1723
1723
1723
1723
1723
1723
1723
1723
1723
1723
10
10
10
10
10
10
10
10
10
10
10
10
10
10
10
1723
1723
1723
1723
1723
1723
1723
1723
1723
1723
1723
1723
1723
1723
1723
1723
1723
1723
1723
1723
1723
1723
1723
1723
1723
1723
1723
1723
1723
1723
10
10
10
10
10
1723
1723
1723
1723
1723
1723
1723
1723
1723
1723
1723
1723
1723
1723
1723
1723
1723
1723
1723
1723
1723
1723
1723
1723
1723
1723
1723
1723
1723
1723
10
10
10
10
10
10
10
10
10
10
10
10
10
10.00000004
1723
1723
1723
1723
1723
1723
1723
1723
1723
1723
1723
1723
1723
1723
1723
1723
1723
1723
1723
1723
1723
1723
1723
1723
1723
1723
1723
1723
1723
1723
1723
1723
10.00000003
10
10
10
1723
1723
1723
1723
1723
1723
1723
1723
1723
1723
1723
1723
1723
1723
1723
1723
1723
1723
1723
1723
1723
1723
1723
1723
1723
1723
1723
1723
1723
1723
10
10
10
10
10
10
10
10
10
10
10
10
10
10.0000006
1723
1723
1723
1723
1723
1723
1723
1723
1723
1723
1723
1723
1723
1723
1723
1723
1723
1723
1723
1723
1723
1723
1723
1723
1723
1723
1723
1723
1723
1723
1723
1723
10.00000039
10
10
10
1723
1723
1723
1723
1723
1723
1723
1723
1723
1723
1723
1723
1723
1723
1723
1723
1723
1723
1723
1723
1723
1723
1723
1723
1723
1723
1723
1723
1723
1723
10
10
10
10
10
10
10
10
10
10
10
10
10
1723
1723
1723
1723
1723
1723
1723
1723
1723
1723
1723
1723
1723
1723
1723
1723
1723
1723
1723
1723
1723
1723
1723
1723
1723
1723
1723
1723
1723
1723
1723
1723
1723
1723
10
10
10
1723
1723
1723
1723
1723
1723
1723
1723
1723
1723
1723
1723
1723
1723
1723
1723
1723
1723
1723
1723
1723
1723
1723
1723
1723
1723
1723
1723
1723
1723
10
10
10
10
10
10
10
10
10
10
10
10.00000003
1723
1723
1723
1723
1723
1723
1723
1723
1723
1723
1723
1723
1723
1723
1723
1723
1723
1723
1723
1723
1723
1723
1723
1723
1723
1723
1723
1723
1723
1723
1723
1723
1723
1723
1723
1722.999999
10.00000073
10.00000041
1723
1723
1723
1723
1723
1723
1723
1723
1723
1723
1723
1723
1723
1723
1723
1723
1723
1723
1723
1723
1723
1723
1723
1723
1723
1723
1723
1723
1723
1723
10
10
10
10
10
10
10
10
10
10
10
10.00000047
1723
1723
1723
1723
1723
1723
1723
1723
1723
1723
1723
1723
1723
1723
1723
1723
1723
1723
1723
1723
1723
1723
1723
1723
1723
1723
1723
1723
1723
1723
1723
1723
1723
1723
1723
1723
10.0000003
10
1723
1723
1723
1723
1723
1723
1723
1723
1723
1723
1723
1723
1723
1723
1723
1723
1723
1723
1723
1723
1723
1723
1723
1723
1723
1723
1723
1723
1723
1723
10
10
10
10
10
10
10
10
10
10
10
1722.999999
1723
1723
1723
1723
1723
1723
1723
1723
1723
1723
1723
1723
1723
1723
1723
1723
1723
1723
1723
1723
1723
1723
1723
1723
1723
1723
1723
1723
1723
1723
1723
1723
1723
1723
1723
1723
1723
10.0000002
1723
1723
1723
1723
1723
1723
1723
1723
1723
1723
1723
1723
1723
1723
1723
1723
1723
1723
1723
1723
1723
1723
1723
1723
1723
1723
1723
1723
1723
1723
10
10
10
10
10
10
10
10
10
10
10
1723
1723
1723
1723
1723
1723
1723
1723
1723
1723
1723
1723
1723
1723
1723
1723
1723
1723
1723
1723
1723
1723
1723
1723
1723
1723
1723
1723
1723
1723
1723
1723
1723
1723
1723
1723
1723
1723
10.00000006
1723
1723
1723
1723
1723
1723
1723
1723
1723
1723
1723
1723
1723
1723
1723
1723
1723
1723
1723
1723
1723
1723
1723
1723
1723
1723
1723
1723
1723
1723
10
10
10
10
10
10
10
10
10
10
10.00000046
1723
1723
1723
1723
1723
1723
1723
1723
1723
1723
1723
1723
1723
1723
1723
1723
1723
1723
1723
1723
1723
1723
1723
1723
1723
1723
1723
1723
1723
1723
1723
1723
1723
1723
1723
1723
1723
1723
10.00000141
1723
1723
1723
1723
1723
1723
1723
1723
1723
1723
1723
1723
1723
1723
1723
1723
1723
1723
1723
1723
1723
1723
1723
1723
1723
1723
1723
1723
1723
1723
10
10
10
10
10
10
10
10
10
10
10.00000083
1723
1723
1723
1723
1723
1723
1723
1723
1723
1723
1723
1723
1723
1723
1723
1723
1723
1723
1723
1723
1723
1723
1723
1723
1723
1723
1723
1723
1723
1723
1723
1723
1723
1723
1723
1723
1723
1723
10
1723
1723
1723
1723
1723
1723
1723
1723
1723
1723
1723
1723
1723
1723
1723
1723
1723
1723
1723
1723
1723
1723
1723
1723
1723
1723
1723
1723
1723
1723
10
10
10
10
10
10
10
10
10
10
1723
1723
1723
1723
1723
1723
1723
1723
1723
1723
1723
1723
1723
1723
1723
1723
1723
1723
1723
1723
1723
1723
1723
1723
1723
1723
1723
1723
1723
1723
1723
1723
1723
1723
1723
1723
1723
1723
1723
1723
1723
1723
1723
1723
1723
1723
1723
1723
1723
1723
1723
1723
1723
1723
1723
1723
1723
1723
1723
1723
1723
1723
1723
1723
1723
1723
1723
1723
1723
1723
10
10
10
10
10
10
10
10
10
10
1723
1723
1723
1723
1723
1723
1723
1723
1723
1723
1723
1723
1723
1723
1723
1723
1723
1723
1723
1723
1723
1723
1723
1723
1723
1723
1723
1723
1723
1723
1723
1723
1723
1723
1723
1723
1723
1723
1723
1723
1723
1723
1723
1723
1723
1723
1723
1723
1723
1723
1723
1723
1723
1723
1723
1723
1723
1723
1723
1723
1723
1723
1723
1723
1723
1723
1723
1723
1723
1723
10
10
10
10
10
10
10
10
10
10.00000012
1723
1723
1723
1723
1723
1723
1723
1723
1723
1723
1723
1723
1723
1723
1723
1723
1723
1723
1723
1723
1723
1723
1723
1723
1723
1723
1723
1723
1723
1723
1723
1723
1723
1723
1723
1723
1723
1723
1723
1723
1723
1723
1723
1723
1723
1723
1723
1723
1723
1723
1723
1723
1723
1723
1723
1723
1723
1723
1723
1723
1723
1723
1723
1723
1723
1723
1723
1723
1723
1723
10
10
10
10
10
10
10
10
10
10.00000007
1723
1723
1723
1723
1723
1723
1723
1723
1723
1723
1723
1723
1723
1723
1723
1723
1723
1723
1723
1723
1723
1723
1723
1723
1723
1723
1723
1723
1723
1723
1723
1723
1723
1723
1723
1723
1723
1723
1723
1723
1723
1723
1723
1723
1723
1723
1723
1723
1723
1723
1723
1723
1723
1723
1723
1723
1723
1723
1723
1723
1723
1723
1723
1723
1723
1723
1723
1723
1723
1723
10
10
10
10
10
10
10
10
10
10.00000006
1723
1723
1723
1723
1723
1723
1723
1723
1723
1723
1723
1723
1723
1723
1723
1723
1723
1723
1723
1723
1723
1723
1723
1723
1723
1723
1723
1723
1723
1723
1723
1723
1723
1723
1723
1723
1723
1723
1723
1723
1723
1723
1723
1723
1723
1723
1723
1723
1723
1723
1723
1723
1723
1723
1723
1723
1723
1723
1723
1723
1723
1723
1723
1723
1723
1723
1723
1723
1723
1723
10
10
10
10
10
10
10
10
10
10.00000011
1723
1723
1723
1723
1723
1723
1723
1723
1723
1723
1723
1723
1723
1723
1723
1723
1723
1723
1723
1723
1723
1723
1723
1723
1723
1723
1723
1723
1723
1723
1723
1723
1723
1723
1723
1723
1723
1723
1723
1723
1723
1723
1723
1723
1723
1723
1723
1723
1723
1723
1723
1723
1723
1723
1723
1723
1723
1723
1723
1723
1723
1723
1723
1723
1723
1723
1723
1723
1723
1723
10
10
10
10
10
10
10
10
10
10
1723
1723
1723
1723
1723
1723
1723
1723
1723
1723
1723
1723
1723
1723
1723
1723
1723
1723
1723
1723
1723
1723
1723
1723
1723
1723
1723
1723
1723
1723
1723
1723
1723
1723
1723
1723
1723
1723
1723
1723
1723
1723
1723
1723
1723
1723
1723
1723
1723
1723
1723
1723
1723
1723
1723
1723
1723
1723
1723
1723
1723
1723
1723
1723
1723
1723
1723
1723
1723
1723
10
10
10
10
10
10
10
10
10
10
1723
1723
1723
1723
1723
1723
1723
1723
1723
1723
1723
1723
1723
1723
1723
1723
1723
1723
1723
1723
1723
1723
1723
1723
1723
1723
1723
1723
1723
1723
1723
1723
1723
1723
1723
1723
1723
1723
1723
1723
1723
1723
1723
1723
1723
1723
1723
1723
1723
1723
1723
1723
1723
1723
1723
1723
1723
1723
1723
1723
1723
1723
1723
1723
1723
1723
1723
1723
1723
1723
10
10
10
10
10
10
10
10
10
10
10.0000008
1723
1723
1723
1723
1723
1723
1723
1723
1723
1723
1723
1723
1723
1723
1723
1723
1723
1723
1723
1723
1723
1723
1723
1723
1723
1723
1723
1723
1723
1723
1723
1723
1723
1723
1723
1723
1723
1723
10
1723
1723
1723
1723
1723
1723
1723
1723
1723
1723
1723
1723
1723
1723
1723
1723
1723
1723
1723
1723
1723
1723
1723
1723
1723
1723
1723
1723
1723
1723
10
10
10
10
10
10
10
10
10
10
10.00000043
1723
1723
1723
1723
1723
1723
1723
1723
1723
1723
1723
1723
1723
1723
1723
1723
1723
1723
1723
1723
1723
1723
1723
1723
1723
1723
1723
1723
1723
1723
1723
1723
1723
1723
1723
1723
1723
1723
10.00000141
1723
1723
1723
1723
1723
1723
1723
1723
1723
1723
1723
1723
1723
1723
1723
1723
1723
1723
1723
1723
1723
1723
1723
1723
1723
1723
1723
1723
1723
1723
10
10
10
10
10
10
10
10
10
10
10
1723
1723
1723
1723
1723
1723
1723
1723
1723
1723
1723
1723
1723
1723
1723
1723
1723
1723
1723
1723
1723
1723
1723
1723
1723
1723
1723
1723
1723
1723
1723
1723
1723
1723
1723
1723
1723
1723
10.00000006
1723
1723
1723
1723
1723
1723
1723
1723
1723
1723
1723
1723
1723
1723
1723
1723
1723
1723
1723
1723
1723
1723
1723
1723
1723
1723
1723
1723
1723
1723
10
10
10
10
10
10
10
10
10
10
10.00018498
1722.999814
1723
1723
1723
1723
1723
1723
1723
1723
1723
1723
1723
1723
1723
1723
1723
1723
1723
1723
1723
1723
1723
1723
1723
1723
1723
1723
1723
1723
1723
1723
1723
1723
1723
1723
1723
1723
1723
10.0000002
1723
1723
1723
1723
1723
1723
1723
1723
1723
1723
1723
1723
1723
1723
1723
1723
1723
1723
1723
1723
1723
1723
1723
1723
1723
1723
1723
1723
1723
1723
10
10
10
10
10
10
10
10
10
10
10.00000041
10.00000051
1723
1723
1723
1723
1723
1723
1723
1723
1723
1723
1723
1723
1723
1723
1723
1723
1723
1723
1723
1723
1723
1723
1723
1723
1723
1723
1723
1723
1723
1723
1723
1723
1723
1723
1723
1723
10.00000029
10
1723
1723
1723
1723
1723
1723
1723
1723
1723
1723
1723
1723
1723
1723
1723
1723
1723
1723
1723
1723
1723
1723
1723
1723
1723
1723
1723
1723
1723
1723
10
10
10
10
10
10
10
10
10
10
10
10.00000003
1723
1723
1723
1723
1723
1723
1723
1723
1723
1723
1723
1723
1723
1723
1723
1723
1723
1723
1723
1723
1723
1723
1723
1723
1723
1723
1723
1723
1723
1723
1723
1723
1723
1723
1723
1722.999999
10.00000072
10.00000041
1723
1723
1723
1723
1723
1723
1723
1723
1723
1723
1723
1723
1723
1723
1723
1723
1723
1723
1723
1723
1723
1723
1723
1723
1723
1723
1723
1723
1723
1723
10
10
10
10
10
10
10
10
10
10
10
10
10
1723
1723
1723
1723
1723
1723
1723
1723
1723
1723
1723
1723
1723
1723
1723
1723
1723
1723
1723
1723
1723
1723
1723
1723
1723
1723
1723
1723
1723
1723
1723
1723
1723
1723
10
10
10
1723
1723
1723
1723
1723
1723
1723
1723
1723
1723
1723
1723
1723
1723
1723
1723
1723
1723
1723
1723
1723
1723
1723
1723
1723
1723
1723
1723
1723
1723
10
10
10
10
10
10
10
10
10
10
10
10
10
10.00000062
1723
1723
1723
1723
1723
1723
1723
1723
1723
1723
1723
1723
1723
1723
1723
1723
1723
1723
1723
1723
1723
1723
1723
1723
1723
1723
1723
1723
1723
1723
1723
1723
10.00000037
10
10
10
1723
1723
1723
1723
1723
1723
1723
1723
1723
1723
1723
1723
1723
1723
1723
1723
1723
1723
1723
1723
1723
1723
1723
1723
1723
1723
1723
1723
1723
1723
10
10
10
10
10
10
10
10
10
10
10
10
10
10.00000003
1723
1723
1723
1723
1723
1723
1723
1723
1723
1723
1723
1723
1723
1723
1723
1723
1723
1723
1723
1723
1723
1723
1723
1723
1723
1723
1723
1723
1723
1723
1723
1723
10.00000003
10
10
10
1723
1723
1723
1723
1723
1723
1723
1723
1723
1723
1723
1723
1723
1723
1723
1723
1723
1723
1723
1723
1723
1723
1723
1723
1723
1723
1723
1723
1723
1723
10
10
10
10
10
10
10
10
10
10
10
10
10
10
10
1723
1723
1723
1723
1723
1723
1723
1723
1723
1723
1723
1723
1723
1723
1723
1723
1723
1723
1723
1723
1723
1723
1723
1723
1723
1723
1723
1723
1723
1723
10
10
10
10
10
1723
1723
1723
1723
1723
1723
1723
1723
1723
1723
1723
1723
1723
1723
1723
1723
1723
1723
1723
1723
1723
1723
1723
1723
1723
1723
1723
1723
1723
1723
10
10
10
10
10
10
10
10
10
10
10
10
10
10
10
10.00000008
1723
1723
1723
1723
1723
1723
1723
1723
1723
1723
1723
1723
1723
1723
1723
1723
1723
1723
1723
1723
1723
1723
1723
1723
1723
1723
1723
1723
10
10
10
10
10
10
1723
1723
1723
1723
1723
1723
1723
1723
1723
1723
1723
1723
1723
1723
1723
1723
1723
1723
1723
1723
1723
1723
1723
1723
1723
1723
1723
1723
1723
1723
10
10
10
10
10
10
10
10
10
10
10
10
10
10
10
10
10
1723
1723
1723
1723
1723
1723
1723
1723
1723
1723
1723
1723
1723
1723
1723
1723
1723
1723
1723
1723
1723
1723
1723
1723
1723
1723
10
10
10
10
10
10
10
1723
1723
1723
1723
1723
1723
1723
1723
1723
1723
1723
1723
1723
1723
1723
1723
1723
1723
1723
1723
1723
1723
1723
1723
1723
1723
1723
1723
1723
1723
10
10
10
10
10
10
10
10
10
10
10
10
10
10
10
10
10
10.00000003
10.00000054
1723
1723
1723
1723
1723
1723
1723
1723
1723
1723
1723
1723
1723
1723
1723
1723
1723
1723
1723
1723
1723
1723
10.00000038
10.00000002
10
10
10
10
10
10
10
1723
1723
1723
1723
1723
1723
1723
1723
1723
1723
1723
1723
1723
1723
1723
1723
1723
1723
1723
1723
1723
1723
1723
1723
1723
1723
1723
1723
1723
1723
10
10
10
10
10
10
10
10
10
10
10
10
10
10
10
10
10
10
10.00000001
10.00000049
1723
1723
1723
1723
1723
1723
1723
1723
1723
1723
1723
1723
1723
1723
1723
1723
1723
1723
1723
1722.999999
10
10
10
10
10
10
10
10
10
10
1723
1723
1723
1723
1723
1723
1723
1723
1723
1723
1723
1723
1723
1723
1723
1723
1723
1723
1723
1723
1723
1723
1723
1723
1723
1723
1723
1723
1723
1723
10
10
10
10
10
10
10
10
10
10
10
10
10
10
10
10
10
10.00000025
10.00000101
10.00001018
10.0003768
10.00000047
1723
1723
1723
1723
1723
1723
1723
1723
1723
1723
1723
1723
1723
1723
1723
1723
10.00000038
10.0000007
10
10
10
10
10
10
10
10
10
10
1723
1723
1723
1723
1723
1723
1723
1723
1723
1723
1723
1723
1723
1723
1723
1723
1723
1723
1723
1723
1723
1723
1723
1723
1723
1723
1723
1723
1723
1723
10
10
10
10
10
10
10
10
10
10
10
10
10
10
10
10
10.00000004
10.00004705
10.00109678
10.00161752
10.00037668
10.01253515
10.43057388
10.00000067
10.00000092
10.00000118
1723
1723
1723
1723
1723
1723
1722.999999
1723
10.00000013
10.00000078
10
10.00000051
10
10.00000059
10
10
10
10
10
10
10
10
10
10
1723
1723
1723
1723
1723
1723
1723
1723
1723
1723
1723
1723
1723
1723
1723
1723
1723
1723
1723
1723
1723
1723
1723
1723
1723
1723
1723
1723
1723
1723
10
10
10
10
10
10
10
10
10
10
10
10
10
10
10
10.00000007
10.00000425
10.00044798
10.26370407
12.45431093
16.12564194
18.2076793
18.16658242
18.05256979
14.47080618
11.02680993
12.8210397
10.00000815
10.00001561
10.00003866
10.00009942
10.0000559
10.00000178
10.00000031
10
10.00000064
10.00000036
1723
1723
1723
1723
1723
1723
10.00000034
10
10
10
10
10
10
1723
1723
1723
1723
1723
1723
1723
1723
1723
1723
1723
1723
1723
1723
1723
1723
1723
1723
1723
1723
1723
1723
1723
1723
1723
1723
1723
1723
1723
1723
10
10
10
10
10
10
10
10
10
10
10
10
10
10
10.00000014
10.0000089
10.00037207
10.02668886
21.20476861
31.33754285
31.33754285
17.00059991
10.01618849
10.01643145
10.02019629
10.10336885
10.33850431
9.999971606
116.8867619
315.4515565
341.5514288
344.6632548
326.3192348
10.00015476
10.00000005
1723
1723
1723
1723
1723
1723
1723
1723
1723
1723
10.00000013
10
10
10
10
1723
1723
1723
1723
1723
1723
1723
1723
1723
1723
1723
1723
1723
1723
1723
1723
1723
1723
1723
1723
1723
1723
1723
1723
1723
1723
1723
1723
1723
1723
10
10
10
10
10
10
10
10
10
10
10
10
10
10
10.00000049
10.00003283
10.00129534
10.02809785
16.22905079
31.33817635
31.32217642
16.29361488
10.01643145
10.01618849
10.01716145
10.06353244
11.23835113
11.62975426
10.04346572
10.0526934
10.50759506
66.04746311
918.7171381
1723
1723
1723
1723
1723
1723
1723
1723
1723
1723
1723
1723
1723
1723
10
10
10
1723
1723
1723
1723
1723
1723
1723
1723
1723
1723
1723
1723
1723
1723
1723
1723
1723
1723
1723
1723
1723
1723
1723
1723
1723
1723
1723
1723
1723
1723
10
10
10
10
10
10
10
10
10
10
10
10
10
10
10.00000004
10.00000614
10.00050719
10.01783363
10.34073099
17.957966
30.51917476
27.79605048
11.67644342
10.01716145
10.01828473
10.00084321
10.00053902
10.00033221
10.00000855
10.00000337
10.0526934
388.7771765
1548.10409
1722.999991
1723
1723
1723
1723
1723
1723
1723
1723
1723
1723
1723
1723
1723
1722.999999
10.00000077
10.00000037
1723
1723
1723
1723
1723
1723
1723
1723
1723
1723
1723
1723
1723
1723
1723
1723
1723
1723
1723
1723
1723
1723
1723
1723
1723
1723
1723
1723
1723
1723
10
10
10
10
10
10
10
10
10
10
10
10
10
10
10
10
10.00000435
10.00073083
10.00244775
10.02054824
15.03653172
23.72959017
21.26102684
13.67105041
11.83468365
10.889526
10.00031667
10.0002338
10.00000436
10.00000301
10.00000337
569.5400848
1628.298098
1722.999983
1723
1723
1723
1723
1723
1723
1723
1723
1723
1723
1723
1723
1723
1723
10.00000019
10
1723
1723
1723
1723
1723
1723
1723
1723
1723
1723
1723
1723
1723
1723
1723
1723
1723
1723
1723
1723
1723
1723
1723
1723
1723
1723
1723
1723
1723
1723
10
10
10
10
10
10
10
10
10
10
10
10
10
10
10
10
10.00000002
10.0000022
10.00010094
10.00066271
10.10285352
11.53341984
14.49639898
14.69923784
14.69923784
13.36850868
10.05178797
10.00008959
10.00000214
10.00000079
10.00000263
1036.471743
1692.811205
1723.000054
1723
1723
1723
1723
1723
1723
1723
1723
1723
1723
1723
1723
1723
1723
1723
10.00000145
1723
1723
1723
1723
1723
1723
1723
1723
1723
1723
1723
1723
1723
1723
1723
1723
1723
1723
1723
1723
1723
1723
1723
1723
1723
1723
1723
1723
1723
1723
10
10
10
10
10
10
10
10
10
10
10
10
10
10
10
10
10
10.00000008
10.00000426
10.00003115
10.00031229
10.00088275
10.00064126
11.21064961
12.53522209
11.05389217
10.00306741
10.00000006
10
10
23.94323424
1438.404482
1723
1723
1722.999975
1723
1723
1723
1723
1723
1723
1723
1723
1723
1723
1723
1723
1723
1723
10.00000002
1723
1723
1723
1723
1723
1723
1723
1723
1723
1723
1723
1723
1723
1723
1723
1723
1723
1723
1723
1723
1723
1723
1723
1723
1723
1723
1723
1723
1723
1723
10
10
10
10
10
10
10
10
10
10
10
10
10
10
10
10
10
10
10.00000023
10.00000181
10.000015
10.00002516
10.00004582
10.00001148
10.00000765
10.00000086
10.00000006
10
10
10
325.9224324
1657.39439
1722.999991
1722.999905
1722.99993
1723
1723
1723
1723
1723
1723
1723
1723
1723
1723
1723
1723
1723
1723
1723
1723
1723
1723
1723
1723
1723
1723
1723
1723
1723
1723
1723
1723
1723
1723
1723
1723
1723
1723
1723
1723
1723
1723
1723
1723
1723
1723
1723
1723
1723
10
10
10
10
10
10
10
10
10
10
10
10
10
10
10
10
10
10
10.00000001
10.00000006
10.00000065
10.00000132
10.00000767
10.00000479
10.00015786
10.00015561
10.00001685
10.00000002
10
10
543.9728981
1669.78475
1722.998874
1722.99982
1722.999914
1723
1723
1723
1723
1723
1723
1723
1723
1723
1723
1723
1723
1723
1723
1723
1723
1723
1723
1723
1723
1723
1723
1723
1723
1723
1723
1723
1723
1723
1723
1723
1723
1723
1723
1723
1723
1723
1723
1723
1723
1723
1723
1723
1723
1723
10
10
10
10
10
10
10
10
10
10
10
10
10
10
10
10
10
10
10
10
10.00000002
10.00000003
10.0000003
10.0000026
10.0000004
10.00000005
10.00000004
10.00000002
9.999999998
10
564.0062271
1675.246918
1722.994298
1722.999848
1722.999928
1723
1723
1723
1723
1723
1723
1723
1723
1723
1723
1723
1723
1723
1723
1723
1723
1723
1723
1723
1723
1723
1723
1723
1723
1723
1723
1723
1723
1723
1723
1723
1723
1723
1723
1723
1723
1723
1723
1723
1723
1723
1723
1723
1723
1723
10
10
10
10
10
10
10
10
10
10
10
10
10
10
10
10
10
10
10
10
10
10
10.00000001
10.00000005
10.00000014
10.00000013
10.00000006
10.00000001
9.999999978
10
296.2221253
1644.387718
1722.996728
1722.999927
1722.99999
1723.000003
1723
1723
1723
1723
1723
1723
1723
1723
1723
1723
1723
1723
1723
1723
1723
1723
1723
1723
1723
1723
1723
1723
1723
1723
1723
1723
1723
1723
1723
1723
1723
1723
1723
1723
1723
1723
1723
1723
1723
1723
1723
1723
1723
1723
10
10
10
10
10
10
10
10
10
10
10
10
10
10
10
10
10
10
10
10
10
10
10
10
10
10
10
10
10
10.00000015
36.81465865
1441.10347
1722.999875
1722.999912
1723.00002
1723
1723
1723
1723
1723
1723
1723
1723
1723
1723
1723
1723
1723
1723
1723
1723
1723
1723
1723
1723
1723
1723
1723
1723
1723
1723
1723
1723
1723
1723
1723
1723
1723
1723
1723
1723
1723
1723
1723
1723
1723
1723
1723
1723
1723
10
10
10
10
10
10
10
10
10
10
10
10
10
10
10
10
10
10
10
10
10
10
10
10
10
10
10
10
10.00000001
10.00000654
10.00005208
783.3534979
1722.422168
1722.999985
1722.999955
1723.000027
1723
1723
1723
1723
1723
1723
1723
1723
1723
1723
1723
1723
1723
1723
1723
1723
1723
1723
1723
1723
1723
1723
1723
1723
1723
1723
1723
1723
1723
1723
1723
1723
1723
1723
1723
1723
1723
1723
1723
1723
1723
1723
1723
1723
10
10
10
10
10
10
10
10
10
10
10
10.00000003
10.00000003
10
10
10
10
10
10
10
10
10
10
10
10
10
10
10
10.00178662
10.00027914
10.00007318
323.4212739
1627.986521
1722.999984
1722.999942
1723.000137
1723
1723
1723
1723
1723
1723
1723
1723
1723
1723
1723
1723
1723
10.00000002
1723
1723
1723
1723
1723
1723
1723
1723
1723
1723
1723
1723
1723
1723
1723
1723
1723
1723
1723
1723
1723
1723
1723
1723
1723
1723
1723
1723
1723
1723
10
10
10
10
10
10
10
10
10
10
10
10.00000022
10.00000022
10.00000001
10.0000002
10
10
10
10
10.00000004
10.00000005
10.00000004
10.00000001
10
10
10
10
9.999999995
10.08362681
10.54595626
10.01757202
15.80257633
1220.879608
1722.999984
1722.999881
1722.999912
1723
1723
1723
1723
1723
1723
1723
1723
1723
1723
1723
1723
1723
10.00000145
1723
1723
1723
1723
1723
1723
1723
1723
1723
1723
1723
1723
1723
1723
1723
1723
1723
1723
1723
1723
1723
1723
1723
1723
1723
1723
1723
1723
1723
1723
10
10
10
10
10
10
10
10
10
10
10
10
10
10.00000208
10.00022586
10.00000001
10.00005358
10.00008614
10.00002083
10.00000003
10.00000003
10.00000002
10.00000001
10
10
10
10
10
10.00447459
21.23508078
50.39986904
129.8071679
882.0754314
1588.644863
1715.293515
1722.999868
1723
1723
1723
1723
1723
1723
1723
1723
1723
1723
1723
1723
10.0000002
10
1723
1723
1723
1723
1723
1723
1723
1723
1723
1723
1723
1723
1723
1723
1723
1723
1723
1723
1723
1723
1723
1723
1723
1723
1723
1723
1723
1723
1723
1723
10
10
10
10
10
10
10
10
10
10
10
10
10.00000015
10.13767335
10.14855324
10.07546893
10.0056015
10.00000811
10.00000028
10.00000001
10
10
10
10
10.03755219
10
10.00010089
10.0000576
10.05923626
10.06462247
134.7247549
318.6257114
808.4615922
935.7579106
1635.17977
1722.999839
1723
1723
1723
1723
1723
1723
1723
1723
1723
1723
1723
1722.999999
10.00000078
10.00000038
1723
1723
1723
1723
1723
1723
1723
1723
1723
1723
1723
1723
1723
1723
1723
1723
1723
1723
1723
1723
1723
1723
1723
1723
1723
1723
1723
1723
1723
1723
10
10
10
10
10
10
10
10
10
10
10
10
10.0000123
12.54776258
12.81409675
10.55644847
10.00035645
10.00000461
10.00000011
10.00000001
10
10.17375063
10.14578751
10.3000016
10.3307956
10.16454044
10.00011475
10.00018284
10.0005777
10.2941356
10.56597762
70.85987282
1107.630685
1109.200343
1463.03876
1723.000035
1723
1723
1723
1723
1723
1723
1723
1723
1723
1723
1723
10
10
10
1723
1723
1723
1723
1723
1723
1723
1723
1723
1723
1723
1723
1723
1723
1723
1723
1723
1723
1723
1723
1723
1723
1723
1723
1723
1723
1723
1723
1723
1723
10
10
10
10
10
10
10
10
10
10
10
10
12.63637943
13.53547259
13.23976493
10.29669175
10.00013928
10.00006475
10.02698652
10.25738144
10.42199676
10.4232194
10.42322468
10.42312646
10.25744045
10.06033045
10.00056516
10.0001932
10.001246
15.77946805
413.0987097
585.6249138
1128.906965
957.9967367
687.848431
1546.150108
1723
1723
1723
1723
1723
1723
1723
1723
1723
10.00000017
10
10
10
10
1723
1723
1723
1723
1723
1723
1723
1723
1723
1723
1723
1723
1723
1723
1723
1723
1723
1723
1723
1723
1723
1723
1723
1723
1723
1723
1723
1723
1723
1723
10
10
10
10
10
10
10
10
10
10
10
10.13078774
13.54696117
13.54105932
10.71345511
10.00299613
10.00327468
10.0651933
10.31103456
10.31103456
10.25661502
10.17411426
10.07152815
10.01991698
10.00811991
10.00456976
10.00101442
10.00696439
10.21429564
170.5566577
732.644062
1078.286287
1133.217016
749.7724176
616.1259259
610.4558934
10.00000756
1723
1723
1723
1723
1723
1723
10.0000004
10
10
10
10
10
10
1723
1723
1723
1723
1723
1723
1723
1723
1723
1723
1723
1723
1723
1723
1723
1723
1723
1723
1723
1723
1723
1723
1723
1723
1723
1723
1723
1723
1723
1723
10
10
10
10
10
10
10
10
10
10
10.00000013
10.55056587
13.54696117
12.12958665
10.00017367
10.00017438
10.00225255
10.04911119
10.10492052
10.09072506
10.08026785
10.07892476
10.05312711
10.02273331
10.01202954
103.3625627
241.8461352
391.504773
771.6557423
1273.679765
1682.259774
1706.932617
1451.178532
1398.80779
1177.452307
10.00012291
10
10.0000004
10
10.00000063
10
10
10
10
10
10
10
10
10
10
1723
1723
1723
1723
1723
1723
1723
1723
1723
1723
1723
1723
1723
1723
1723
1723
1723
1723
1723
1723
1723
1723
1723
1723
1723
1723
1723
1723
1723
1723
10
10
10
10
10
10
10
10
10
10.00002214
10.00126258
10.94791715
13.28948572
10.00017359
10.00017352
10.00017367
10.00017795
10.0002829
10.00150396
10.00881666
10.04970005
10.08064327
262.2033375
644.2595914
1044.826421
1349.60326
1523.324709
1652.661218
1722.999864
1722.999927
1722.99479
1715.782815
1719.530416
1721.008174
1723
1723
1723
1723
10.00000052
10.00000071
10
10
10
10
10
10
10
10
10
10
1723
1723
1723
1723
1723
1723
1723
1723
1723
1723
1723
1723
1723
1723
1723
1723
1723
1723
1723
1723
1723
1723
1723
1723
1723
1723
1723
1723
1723
1723
10
10
10
10
10
10
10.00000001
10.00000005
10.00000008
10.00009173
10.09985339
11.69691831
11.68198724
10.00017352
10.00017367
10.00017195
10.00028255
10.00129254
10.00884634
52.05639844
555.8520375
1134.32996
1526.170199
1657.347132
1722.749383
1722.919663
1722.973061
1722.999918
1722.999905
1723
1722.993241
1722.876506
1722.999992
1723
1723
1723
1723
1723
1723
1722.999999
10
10
10
10
10
10
10
10
10
10
1723
1723
1723
1723
1723
1723
1723
1723
1723
1723
1723
1723
1723
1723
1723
1723
1723
1723
1723
1723
1723
1723
1723
1723
1723
1723
1723
1723
1723
1723
10
10
10
10
10
10
10.00000004
10.00000186
10.00000107
10.00001595
10.27357146
11.18279167
10.33914928
10.000178
10.00027017
10.00188978
10.02498048
59.49976755
708.6543118
1375.517724
1610.966879
1722.997148
1722.999481
1722.99977
1722.999934
1722.999882
1722.999951
1722.999922
1722.999873
1723.000105
1723.000051
1722.999967
1723
1723
1723
1723
1723
1723
1723
1723
1723
10.00000047
10.00000002
10
10
10
10
10
10
10
1723
1723
1723
1723
1723
1723
1723
1723
1723
1723
1723
1723
1723
1723
1723
1723
1723
1723
1723
1723
1723
1723
1723
1723
1723
1723
1723
1723
1723
1723
10
10
10
10
10
10
10.00000002
10.00000924
10.00008833
10.00437101
10.05443714
10.05640577
10.06445538
10.00188525
10.02584105
15.5664785
673.0874864
1419.439523
1671.477214
1722.999446
1722.999971
1722.999244
1722.999991
1723.000003
1722.999978
1722.999929
1722.999951
1723.000016
1723.000018
1723
1723
1723
1723
1723
1723
1723
1723
1723
1723
1723
1723
1723
1723
10
10
10
10
10
10
10
1723
1723
1723
1723
1723
1723
1723
1723
1723
1723
1723
1723
1723
1723
1723
1723
1723
1723
1723
1723
1723
1723
1723
1723
1723
1723
1723
1723
1723
1723
10
10
10
10
10
10
10.00000005
10.00002868
10.00063658
10.00090338
10.00092639
10.00255791
10.03312246
10.18117093
453.9651764
1324.382851
1662.71958
1722.999009
1722.999991
1722.999996
1722.999974
1722.999932
1722.999956
1722.999978
1722.999989
1723
1723
1723
1723
1723
1723
1723
1723
1723
1723
1723
1723
1723
1723
1723
1723
1723
1723
1723
10.00000002
10
10
10
10
10
1723
1723
1723
1723
1723
1723
1723
1723
1723
1723
1723
1723
1723
1723
1723
1723
1723
1723
1723
1723
1723
1723
1723
1723
1723
1723
1723
1723
1723
1723
10
10
10
10
10
10.00000001
10.00000012
10.00000662
10.00083636
10.00123327
10.00285984
10.03156786
11.74283673
887.5620561
1641.527531
1722.984259
1722.999947
1723
1722.999997
1722.999996
1722.999984
1723
1723
1723
1723
1723
1723
1723
1723
1723
1723
1723
1723
1723
1723
1723
1723
1723
1723
1723
1723
1723
1723
1723
1723
10
10
10
10
10
1723
1723
1723
1723
1723
1723
1723
1723
1723
1723
1723
1723
1723
1723
1723
1723
1723
1723
1723
1723
1723
1723
1723
1723
1723
1723
1723
1723
1723
1723
10
10
10
10
10.00000001
10.00000032
10.00000998
10.00007064
10.00044473
10.00118227
10.04565219
24.74618456
853.0123764
1722.742155
1722.999009
1723
1723
1723.000013
1723
1723
1723
1723
1723
1723
1723
1723
1723
1723
1723
1723
1723
1723
1723
1723
1723
1723
1723
1723
1723
1723
1723
1723
1723
1723
1723
1723
10.00000004
10
10
10
1723
1723
1723
1723
1723
1723
1723
1723
1723
1723
1723
1723
1723
1723
1723
1723
1723
1723
1723
1723
1723
1723
1723
1723
1723
1723
1723
1723
1723
1723
10
10
10
10
10.00000003
10.00000115
10.00006965
10.00063545
10.00069169
10.00342908
10.15325535
295.5693821
1635.306088
1722.998996
1723
1723.000021
1723
1723
1723
1723
1723
1723
1723
1723
1723
1723
1723
1723
1723
1723
1723
1723
1723
1723
1723
1723
1723
1723
1723
1723
1723
1723
1723
1723
1723
1723
10.00000038
10
10
10
1723
1723
1723
1723
1723
1723
1723
1723
1723
1723
1723
1723
1723
1723
1723
1723
1723
1723
1723
1723
1723
1723
1723
1723
1723
1723
1723
1723
1723
1723
10
10
10
10
10.00000004
10.00000157
10.00004221
10.00067162
10.00327348
10.02021337
14.82953616
754.0808766
1596.321977
1723
1723
1723
1723
1723
1723
1723
1723
1723
1723
1723
1723
1723
1723
1723
1723
1723
1723
1723
1723
1723
1723
1723
1723
1723
1723
1723
1723
1723
1723
1723
1723
1723
1723
10
10
10
1723
1723
1723
1723
1723
1723
1723
1723
1723
1723
1723
1723
1723
1723
1723
1723
1723
1723
1723
1723
1723
1723
1723
1723
1723
1723
1723
1723
1723
1723
10
10
10
10
10.00000004
10.00000151
10.00004441
10.00100713
10.01199125
10.22554856
22.53224196
706.2803507
1723
1723
1723
1723
1723
1723
1723
1723
1723
1723
1723
1723
1723
1723
1723
1723
1723
1723
1723
1723
1723
1723
1723
1723
1723
1723
1723
1723
1723
1723
1723
1723
1723
1723
1723
1722.999999
10.00000073
10.00000041
1723
1723
1723
1723
1723
1723
1723
1723
1723
1723
1723
1723
1723
1723
1723
1723
1723
1723
1723
1723
1723
1723
1723
1723
1723
1723
1723
1723
1723
1723
10
10
10
10
10.00000003
10.00000094
10.00002878
10.00072795
10.01591855
12.85688533
25.5618456
72.90194415
1723
1723
1723
1723
1723
1723
1723
1723
1723
1723
1723
1723
1723
1723
1723
1723
1723
1723
1723
1723
1723
1723
1723
1723
1723
1723
1723
1723
1723
1723
1723
1723
1723
1723
1723
1723
10.00000029
10
1723
1723
1723
1723
1723
1723
1723
1723
1723
1723
1723
1723
1723
1723
1723
1723
1723
1723
1723
1723
1723
1723
1723
1723
1723
1723
1723
1723
1723
1723
10
10
10
10
10
10.00000021
10.00000937
10.00037074
10.07437763
10.65716956
11.27193063
1723
1723
1723
1723
1723
1723
1723
1723
1723
1723
1723
1723
1723
1723
1723
1723
1723
1723
1723
1723
1723
1723
1723
1723
1723
1723
1723
1723
1723
1723
1723
1723
1723
1723
1723
1723
1723
1723
10.0000002
1723
1723
1723
1723
1723
1723
1723
1723
1723
1723
1723
1723
1723
1723
1723
1723
1723
1723
1723
1723
1723
1723
1723
1723
1723
1723
1723
1723
1723
1723
10
10
10
10
10
10
10.00000012
10.0001803
10.00442807
10
10
1723
1723
1723
1723
1723
1723
1723
1723
1723
1723
1723
1723
1723
1723
1723
1723
1723
1723
1723
1723
1723
1723
1723
1723
1723
1723
1723
1723
1723
1723
1723
1723
1723
1723
1723
1723
1723
1723
10.00000006
1723
1723
1723
1723
1723
1723
1723
1723
1723
1723
1723
1723
1723
1723
1723
1723
1723
1723
1723
1723
1723
1723
1723
1723
1723
1723
1723
1723
1723
1723
10
10
10
10
10
10
10
10.00000119
10.00000117
10.00000046
10.00000047
1723
1723
1723
1723
1723
1723
1723
1723
1723
1723
1723
1723
1723
1723
1723
1723
1723
1723
1723
1723
1723
1723
1723
1723
1723
1723
1723
1723
1723
1723
1723
1723
1723
1723
1723
1723
1723
1723
10.00000141
1723
1723
1723
1723
1723
1723
1723
1723
1723
1723
1723
1723
1723
1723
1723
1723
1723
1723
1723
1723
1723
1723
1723
1723
1723
1723
1723
1723
1723
1723
10
10
10
10
10
10
10
10.00000001
10.00000001
10.00000001
10.0000008
1723
1723
1723
1723
1723
1723
1723
1723
1723
1723
1723
1723
1723
1723
1723
1723
1723
1723
1723
1723
1723
1723
1723
1723
1723
1723
1723
1723
1723
1723
1723
1723
1723
1723
1723
1723
1723
1723
10
1723
1723
1723
1723
1723
1723
1723
1723
1723
1723
1723
1723
1723
1723
1723
1723
1723
1723
1723
1723
1723
1723
1723
1723
1723
1723
1723
1723
1723
1723
10
10
10
10
10
10
10
10
10
10
1723
1723
1723
1723
1723
1723
1723
1723
1723
1723
1723
1723
1723
1723
1723
1723
1723
1723
1723
1723
1723
1723
1723
1723
1723
1723
1723
1723
1723
1723
1723
1723
1723
1723
1723
1723
1723
1723
1723
1723
1723
1723
1723
1723
1723
1723
1723
1723
1723
1723
1723
1723
1723
1723
1723
1723
1723
1723
1723
1723
1723
1723
1723
1723
1723
1723
1723
1723
1723
1723
10
10
10
10
10
10
10
10
10
10
1723
1723
1723
1723
1723
1723
1723
1723
1723
1723
1723
1723
1723
1723
1723
1723
1723
1723
1723
1723
1723
1723
1723
1723
1723
1723
1723
1723
1723
1723
1723
1723
1723
1723
1723
1723
1723
1723
1723
1723
1723
1723
1723
1723
1723
1723
1723
1723
1723
1723
1723
1723
1723
1723
1723
1723
1723
1723
1723
1723
1723
1723
1723
1723
1723
1723
1723
1723
1723
1723
10
10
10
10
10
10
10
10
10
10.00000011
1723
1723
1723
1723
1723
1723
1723
1723
1723
1723
1723
1723
1723
1723
1723
1723
1723
1723
1723
1723
1723
1723
1723
1723
1723
1723
1723
1723
1723
1723
1723
1723
1723
1723
1723
1723
1723
1723
1723
1723
1723
1723
1723
1723
1723
1723
1723
1723
1723
1723
1723
1723
1723
1723
1723
1723
1723
1723
1723
1723
1723
1723
1723
1723
1723
1723
1723
1723
1723
1723
10
10
10
10
10
10
10
10
10
10.00000007
1723
1723
1723
1723
1723
1723
1723
1723
1723
1723
1723
1723
1723
1723
1723
1723
1723
1723
1723
1723
1723
1723
1723
1723
1723
1723
1723
1723
1723
1723
1723
1723
1723
1723
1723
1723
1723
1723
1723
1723
1723
1723
1723
1723
1723
1723
1723
1723
1723
1723
1723
1723
1723
1723
1723
1723
1723
1723
1723
1723
1723
1723
1723
1723
1723
1723
1723
1723
1723
1723
10
10
10
10
10
10
10
10
10
10.00000007
1723
1723
1723
1723
1723
1723
1723
1723
1723
1723
1723
1723
1723
1723
1723
1723
1723
1723
1723
1723
1723
1723
1723
1723
1723
1723
1723
1723
1723
1723
1723
1723
1723
1723
1723
1723
1723
1723
1723
1723
1723
1723
1723
1723
1723
1723
1723
1723
1723
1723
1723
1723
1723
1723
1723
1723
1723
1723
1723
1723
1723
1723
1723
1723
1723
1723
1723
1723
1723
1723
10
10
10
10
10
10
10
10
10
10.00000012
1723
1723
1723
1723
1723
1723
1723
1723
1723
1723
1723
1723
1723
1723
1723
1723
1723
1723
1723
1723
1723
1723
1723
1723
1723
1723
1723
1723
1723
1723
1723
1723
1723
1723
1723
1723
1723
1723
1723
1723
1723
1723
1723
1723
1723
1723
1723
1723
1723
1723
1723
1723
1723
1723
1723
1723
1723
1723
1723
1723
1723
1723
1723
1723
1723
1723
1723
1723
1723
1723
10
10
10
10
10
10
10
10
10
10
1723
1723
1723
1723
1723
1723
1723
1723
1723
1723
1723
1723
1723
1723
1723
1723
1723
1723
1723
1723
1723
1723
1723
1723
1723
1723
1723
1723
1723
1723
1723
1723
1723
1723
1723
1723
1723
1723
1723
1723
1723
1723
1723
1723
1723
1723
1723
1723
1723
1723
1723
1723
1723
1723
1723
1723
1723
1723
1723
1723
1723
1723
1723
1723
1723
1723
1723
1723
1723
1723
10
10
10
10
10
10
10
10
10
10
1723
1723
1723
1723
1723
1723
1723
1723
1723
1723
1723
1723
1723
1723
1723
1723
1723
1723
1723
1723
1723
1723
1723
1723
1723
1723
1723
1723
1723
1723
1723
1723
1723
1723
1723
1723
1723
1723
1723
1723
1723
1723
1723
1723
1723
1723
1723
1723
1723
1723
1723
1723
1723
1723
1723
1723
1723
1723
1723
1723
1723
1723
1723
1723
1723
1723
1723
1723
1723
1723
10
10
10
10
10
10
10
10
10
10
10.0000008
1723
1723
1723
1723
1723
1723
1723
1723
1723
1723
1723
1723
1723
1723
1723
1723
1723
1723
1723
1723
1723
1723
1723
1723
1723
1723
1723
1723
1723
1723
1723
1723
1723
1723
1723
1723
1723
1723
10
1723
1723
1723
1723
1723
1723
1723
1723
1723
1723
1723
1723
1723
1723
1723
1723
1723
1723
1723
1723
1723
1723
1723
1723
1723
1723
1723
1723
1723
1723
10
10
10
10
10
10
10
10
10
10
10.00000045
1723
1723
1723
1723
1723
1723
1723
1723
1723
1723
1723
1723
1723
1723
1723
1723
1723
1723
1723
1723
1723
1723
1723
1723
1723
1723
1723
1723
1723
1723
1723
1723
1723
1723
1723
1723
1723
1723
10.00000141
1723
1723
1723
1723
1723
1723
1723
1723
1723
1723
1723
1723
1723
1723
1723
1723
1723
1723
1723
1723
1723
1723
1723
1723
1723
1723
1723
1723
1723
1723
10
10
10
10
10
10
10
10
10
10
10
1723
1723
1723
1723
1723
1723
1723
1723
1723
1723
1723
1723
1723
1723
1723
1723
1723
1723
1723
1723
1723
1723
1723
1723
1723
1723
1723
1723
1723
1723
1723
1723
1723
1723
1723
1723
1723
1723
10.00000006
1723
1723
1723
1723
1723
1723
1723
1723
1723
1723
1723
1723
1723
1723
1723
1723
1723
1723
1723
1723
1723
1723
1723
1723
1723
1723
1723
1723
1723
1723
10
10
10
10
10
10
10
10
10
10
10
1723
1723
1723
1723
1723
1723
1723
1723
1723
1723
1723
1723
1723
1723
1723
1723
1723
1723
1723
1723
1723
1723
1723
1723
1723
1723
1723
1723
1723
1723
1723
1723
1723
1723
1723
1723
1723
1723
10.0000002
1723
1723
1723
1723
1723
1723
1723
1723
1723
1723
1723
1723
1723
1723
1723
1723
1723
1723
1723
1723
1723
1723
1723
1723
1723
1723
1723
1723
1723
1723
10
10
10
10
10
10
10
10
10
10
10
10.00000046
1723
1723
1723
1723
1723
1723
1723
1723
1723
1723
1723
1723
1723
1723
1723
1723
1723
1723
1723
1723
1723
1723
1723
1723
1723
1723
1723
1723
1723
1723
1723
1723
1723
1723
1723
1723
10.00000029
10
1723
1723
1723
1723
1723
1723
1723
1723
1723
1723
1723
1723
1723
1723
1723
1723
1723
1723
1723
1723
1723
1723
1723
1723
1723
1723
1723
1723
1723
1723
10
10
10
10
10
10
10
10
10
10
10
10.00000004
1723
1723
1723
1723
1723
1723
1723
1723
1723
1723
1723
1723
1723
1723
1723
1723
1723
1723
1723
1723
1723
1723
1723
1723
1723
1723
1723
1723
1723
1723
1723
1723
1723
1723
1723
1722.999999
10.00000072
10.00000041
1723
1723
1723
1723
1723
1723
1723
1723
1723
1723
1723
1723
1723
1723
1723
1723
1723
1723
1723
1723
1723
1723
1723
1723
1723
1723
1723
1723
1723
1723
10
10
10
10
10
10
10
10
10
10
10
10
10
1723
1723
1723
1723
1723
1723
1723
1723
1723
1723
1723
1723
1723
1723
1723
1723
1723
1723
1723
1723
1723
1723
1723
1723
1723
1723
1723
1723
1723
1723
1723
1723
1723
1723
10
10
10
1723
1723
1723
1723
1723
1723
1723
1723
1723
1723
1723
1723
1723
1723
1723
1723
1723
1723
1723
1723
1723
1723
1723
1723
1723
1723
1723
1723
1723
1723
10
10
10
10
10
10
10
10
10
10
10
10
10
10.00000058
1723
1723
1723
1723
1723
1723
1723
1723
1723
1723
1723
1723
1723
1723
1723
1723
1723
1723
1723
1723
1723
1723
1723
1723
1723
1723
1723
1723
1723
1723
1723
1723
10.00000037
10
10
10
1723
1723
1723
1723
1723
1723
1723
1723
1723
1723
1723
1723
1723
1723
1723
1723
1723
1723
1723
1723
1723
1723
1723
1723
1723
1723
1723
1723
1723
1723
10
10
10
10
10
10
10
10
10
10
10
10
10
10.00000005
1723
1723
1723
1723
1723
1723
1723
1723
1723
1723
1723
1723
1723
1723
1723
1723
1723
1723
1723
1723
1723
1723
1723
1723
1723
1723
1723
1723
1723
1723
1723
1723
10.00000002
10
10
10
1723
1723
1723
1723
1723
1723
1723
1723
1723
1723
1723
1723
1723
1723
1723
1723
1723
1723
1723
1723
1723
1723
1723
1723
1723
1723
1723
1723
1723
1723
10
10
10
10
10
10
10
10
10
10
10
10
10
10
10
1723
1723
1723
1723
1723
1723
1723
1723
1723
1723
1723
1723
1723
1723
1723
1723
1723
1723
1723
1723
1723
1723
1723
1723
1723
1723
1723
1723
1723
1723
10
10
10
10
10
1723
1723
1723
1723
1723
1723
1723
1723
1723
1723
1723
1723
1723
1723
1723
1723
1723
1723
1723
1723
1723
1723
1723
1723
1723
1723
1723
1723
1723
1723
10
10
10
10
10
10
10
10
10
10
10
10
10
10
10
10.00000006
1723
1723
1723
1723
1723
1723
1723
1723
1723
1723
1723
1723
1723
1723
1723
1723
1723
1723
1723
1723
1723
1723
1723
1723
1723
1723
1723
1723
10
10
10
10
10
10
1723
1723
1723
1723
1723
1723
1723
1723
1723
1723
1723
1723
1723
1723
1723
1723
1723
1723
1723
1723
1723
1723
1723
1723
1723
1723
1723
1723
1723
1723
10
10
10
10
10
10
10
10
10
10
10
10
10
10
10
10
10
1723
1723
1723
1723
1723
1723
1723
1723
1723
1723
1723
1723
1723
1723
1723
1723
1723
1723
1723
1723
1723
1723
1723
1723
1723
1723
10
10
10
10
10
10
10
1723
1723
1723
1723
1723
1723
1723
1723
1723
1723
1723
1723
1723
1723
1723
1723
1723
1723
1723
1723
1723
1723
1723
1723
1723
1723
1723
1723
1723
1723
10
10
10
10
10
10
10
10
10
10
10
10
10
10
10
10
10
10.00000006
10.00000056
1723
1723
1723
1723
1723
1723
1723
1723
1723
1723
1723
1723
1723
1723
1723
1723
1723
1723
1723
1723
1723
1723
10.00000036
10.00000002
10
10
10
10
10
10
10
1723
1723
1723
1723
1723
1723
1723
1723
1723
1723
1723
1723
1723
1723
1723
1723
1723
1723
1723
1723
1723
1723
1723
1723
1723
1723
1723
1723
1723
1723
10
10
10
10
10
10
10
10
10
10
10
10
10
10
10
10
10
10
10
10
1723
1723
1723
1723
1723
1723
1723
1723
1723
1723
1723
1723
1723
1723
1723
1723
1723
1723
1723
1722.999999
10
10
10
10
10
10
10
10
10
10
1723
1723
1723
1723
1723
1723
1723
1723
1723
1723
1723
1723
1723
1723
1723
1723
1723
1723
1723
1723
1723
1723
1723
1723
1723
1723
1723
1723
1723
1723
10
10
10
10
10
10
10
10
10
10
10
10
10
10
10
10
10
10
10
10
10.00000005
10.00000042
1723
1723
1723
1723
1723
1723
1723
1723
1723
1723
1723
1723
1723
1723
1723
1723
10.00000034
10.0000007
10
10
10
10
10
10
10
10
10
10
1723
1723
1723
1723
1723
1723
1723
1723
1723
1723
1723
1723
1723
1723
1723
1723
1723
1723
1723
1723
1723
1723
1723
1723
1723
1723
1723
1723
1723
1723
10
10
10
10
10
10
10
10
10
10
10
10
10
10
10
10
10
10
10
10
10
10
10
10
10.00000044
10.00000073
1723
1723
1723
1723
1723
1723
1722.999999
1723
10.00000011
10.00000078
10
10.00000049
10
10.00000057
10
10
10
10
10
10
10
10
10
10
1723
1723
1723
1723
1723
1723
1723
1723
1723
1723
1723
1723
1723
1723
1723
1723
1723
1723
1723
1723
1723
1723
1723
1723
1723
1723
1723
1723
1723
1723
10
10
10
10
10
10
10
10
10
10
10
10
10
10
10
10
10
10
10
10
10
10
10
10
10
10
10
10
10.00000007
10.00000001
10
10
10
10.00000032
10
10.00000057
10.00000037
1723
1723
1723
1723
1723
1723
10.0000003
10
10
10
10
10
10
1723
1723
1723
1723
1723
1723
1723
1723
1723
1723
1723
1723
1723
1723
1723
1723
1723
1723
1723
1723
1723
1723
1723
1723
1723
1723
1723
1723
1723
1723
10
10
10
10
10
10
10
10
10
10
10
10
10
10
10
10
10
10
10
10
10
10
10
10
10
10
10
10
10
10
10
10
10
10.00000081
10
1723
1723
1723
1723
1723
1723
1723
1723
1723
1723
10.0000001
10
10
10
10
1723
1723
1723
1723
1723
1723
1723
1723
1723
1723
1723
1723
1723
1723
1723
1723
1723
1723
1723
1723
1723
1723
1723
1723
1723
1723
1723
1723
1723
1723
10
10
10
10
10
10
10
10
10
10
10
10
10
10
10
10
10
10
10
10
10
10
10
10
10
10
10
10
10
10
10
10
10
1722.999999
1723
1723
1723
1723
1723
1723
1723
1723
1723
1723
1723
1723
1722.999999
10
10
10
1723
1723
1723
1723
1723
1723
1723
1723
1723
1723
1723
1723
1723
1723
1723
1723
1723
1723
1723
1723
1723
1723
1723
1723
1723
1723
1723
1723
1723
1723
10
10
10
10
10
10
10
10
10
10
10
10
10
10
10
10
10
10
10
10
10
10
10
10
10
10
10
10
10
10
10
10.00000001
1723
1723
1723
1723
1723
1723
1723
1723
1723
1723
1723
1723
1723
1723
1723
1722.999999
10.00000076
10.00000037
1723
1723
1723
1723
1723
1723
1723
1723
1723
1723
1723
1723
1723
1723
1723
1723
1723
1723
1723
1723
1723
1723
1723
1723
1723
1723
1723
1723
1723
1723
10
10
10
10
10
10
10
10
10
10
10
10
10
10
10
10
10
10
10
10
10
10
10
10
10
10
10
10
10
10
10
10.00000017
1723
1723
1723
1723
1723
1723
1723
1723
1723
1723
1723
1723
1723
1723
1723
1723
10.00000018
10
1723
1723
1723
1723
1723
1723
1723
1723
1723
1723
1723
1723
1723
1723
1723
1723
1723
1723
1723
1723
1723
1723
1723
1723
1723
1723
1723
1723
1723
1723
10
10
10
10
10
10
10
10
10
10
10
10
10
10
10
10
10
10
10
10
10
10
10
10
10
10
10
10
10
10
10
1723
1723
1723
1723
1723
1723
1723
1723
1723
1723
1723
1723
1723
1723
1723
1723
1723
1723
10.00000145
1723
1723
1723
1723
1723
1723
1723
1723
1723
1723
1723
1723
1723
1723
1723
1723
1723
1723
1723
1723
1723
1723
1723
1723
1723
1723
1723
1723
1723
1723
10
10
10
10
10
10
10
10
10
10
10
10
10
10
10
10
10
10
10
10
10
10
10
10
10
10
10
10
10
10
10.00000041
1723
1723
1723
1723
1723
1723
1723
1723
1723
1723
1723
1723
1723
1723
1723
1723
1723
1723
10.00000003
1723
1723
1723
1723
1723
1723
1723
1723
1723
1723
1723
1723
1723
1723
1723
1723
1723
1723
1723
1723
1723
1723
1723
1723
1723
1723
1723
1723
1723
1723
10
10
10
10
10
10
10
10
10
10
10
10
10
10
10
10
10
10
10
10
10
10
10
10
10
10
10
10
10
10
1723
1723
1723
1723
1723
1723
1723
1723
1723
1723
1723
1723
1723
1723
1723
1723
1723
1723
1723
1723
1723
1723
1723
1723
1723
1723
1723
1723
1723
1723
1723
1723
1723
1723
1723
1723
1723
1723
1723
1723
1723
1723
1723
1723
1723
1723
1723
1723
1723
1723
10
10
10
10
10
10
10
10
10
10
10
10
10
10
10
10
10
10
10
10
10
10
10
10
10
10
10
10
10
10
1723
1723
1723
1723
1723
1723
1723
1723
1723
1723
1723
1723
1723
1723
1723
1723
1723
1723
1723
1723
1723
1723
1723
1723
1723
1723
1723
1723
1723
1723
1723
1723
1723
1723
1723
1723
1723
1723
1723
1723
1723
1723
1723
1723
1723
1723
1723
1723
1723
1723
10
10
10
10
10
10
10
10
10
10
10
10
10
10
10
10
10
10
10
10
10
10
10
10
10
10
10
10
10
10.00000015
1723
1723
1723
1723
1723
1723
1723
1723
1723
1723
1723
1723
1723
1723
1723
1723
1723
1723
1723
1723
1723
1723
1723
1723
1723
1723
1723
1723
1723
1723
1723
1723
1723
1723
1723
1723
1723
1723
1723
1723
1723
1723
1723
1723
1723
1723
1723
1723
1723
1723
10
10
10
10
10
10
10
10
10
10
10
10
10
10
10
10
10
10
10
10
10
10
10
10
10
10
10
10
10
10.00000015
1723
1723
1723
1723
1723
1723
1723
1723
1723
1723
1723
1723
1723
1723
1723
1723
1723
1723
1723
1723
1723
1723
1723
1723
1723
1723
1723
1723
1723
1723
1723
1723
1723
1723
1723
1723
1723
1723
1723
1723
1723
1723
1723
1723
1723
1723
1723
1723
1723
1723
10
10
10
10
10
10
10
10
10
10
10
10
10
10
10
10
10
10
10
10
10
10
10
10
10
10
10
10
10
10
1723
1723
1723
1723
1723
1723
1723
1723
1723
1723
1723
1723
1723
1723
1723
1723
1723
1723
1723
1723
1723
1723
1723
1723
1723
1723
1723
1723
1723
1723
1723
1723
1723
1723
1723
1723
1723
1723
1723
1723
1723
1723
1723
1723
1723
1723
1723
1723
1723
1723
10
10
10
10
10
10
10
10
10
10
10
10
10
10
10
10
10
10
10
10
10
10
10
10
10
10
10
10
10
10
1723
1723
1723
1723
1723
1723
1723
1723
1723
1723
1723
1723
1723
1723
1723
1723
1723
1723
1723
1723
1723
1723
1723
1723
1723
1723
1723
1723
1723
1723
1723
1723
1723
1723
1723
1723
1723
1723
1723
1723
1723
1723
1723
1723
1723
1723
1723
1723
1723
1723
10
10
10
10
10
10
10
10
10
10
10
10
10
10
10
10
10
10
10
10
10
10
10
10
10
10
10
10
10
10
10.00000041
1723
1723
1723
1723
1723
1723
1723
1723
1723
1723
1723
1723
1723
1723
1723
1723
1723
1723
10.00000003
1723
1723
1723
1723
1723
1723
1723
1723
1723
1723
1723
1723
1723
1723
1723
1723
1723
1723
1723
1723
1723
1723
1723
1723
1723
1723
1723
1723
1723
1723
10
10
10
10
10
10
10
10
10
10
10
10
10
10
10
10
10
10
10
10
10
10
10
10
10
10
10
10
10
10
10
1723
1723
1723
1723
1723
1723
1723
1723
1723
1723
1723
1723
1723
1723
1723
1723
1723
1723
10.00000145
1723
1723
1723
1723
1723
1723
1723
1723
1723
1723
1723
1723
1723
1723
1723
1723
1723
1723
1723
1723
1723
1723
1723
1723
1723
1723
1723
1723
1723
1723
10
10
10
10
10
10
10
10
10
10
10
10
10
10
10
10
10
10
10
10
10
10
10
10
10
10
10
10
10
10
10
10.00000017
1723
1723
1723
1723
1723
1723
1723
1723
1723
1723
1723
1723
1723
1723
1723
1723
10.00000018
10
1723
1723
1723
1723
1723
1723
1723
1723
1723
1723
1723
1723
1723
1723
1723
1723
1723
1723
1723
1723
1723
1723
1723
1723
1723
1723
1723
1723
1723
1723
10
10
10
10
10
10
10
10
10
10
10
10
10
10
10
10
10
10
10
10
10
10
10
10
10
10
10
10
10
10
10
10.00000002
1723
1723
1723
1723
1723
1723
1723
1723
1723
1723
1723
1723
1723
1723
1723
1722.999999
10.00000076
10.00000037
1723
1723
1723
1723
1723
1723
1723
1723
1723
1723
1723
1723
1723
1723
1723
1723
1723
1723
1723
1723
1723
1723
1723
1723
1723
1723
1723
1723
1723
1723
10
10
10
10
10
10
10
10
10
10
10
10
10
10
10
10
10
10
10
10
10
10
10
10
10
10
10
10
10
10
10
10
10
1722.999999
1723
1723
1723
1723
1723
1723
1723
1723
1723
1723
1723
1723
1722.999999
10
10
10
1723
1723
1723
1723
1723
1723
1723
1723
1723
1723
1723
1723
1723
1723
1723
1723
1723
1723
1723
1723
1723
1723
1723
1723
1723
1723
1723
1723
1723
1723
10
10
10
10
10
10
10
10
10
10
10
10
10
10
10
10
10
10
10
10
10
10
10
10
10
10
10
10
10
10
10
10
10
10.00000081
10
1723
1723
1723
1723
1723
1723
1723
1723
1723
1723
10.0000001
10
10
10
10
1723
1723
1723
1723
1723
1723
1723
1723
1723
1723
1723
1723
1723
1723
1723
1723
1723
1723
1723
1723
1723
1723
1723
1723
1723
1723
1723
1723
1723
1723
10
10
10
10
10
10
10
10
10
10
10
10
10
10
10
10
10
10
10
10
10
10
10
10
10
10
10
10
10.00000007
10.00000001
10
10
10
10.00000032
10
10.00000057
10.00000037
1723
1723
1723
1723
1723
1723
10.0000003
10
10
10
10
10
10
1723
1723
1723
1723
1723
1723
1723
1723
1723
1723
1723
1723
1723
1723
1723
1723
1723
1723
1723
1723
1723
1723
1723
1723
1723
1723
1723
1723
1723
1723
10
10
10
10
10
10
10
10
10
10
10
10
10
10
10
10
10
10
10
10
10
10
10
10
10.00000044
10.00000074
1723
1723
1723
1723
1723
1723
1722.999999
1723
10.00000011
10.00000078
10
10.00000049
10
10.00000057
10
10
10
10
10
10
10
10
10
10
1723
1723
1723
1723
1723
1723
1723
1723
1723
1723
1723
1723
1723
1723
1723
1723
1723
1723
1723
1723
1723
1723
1723
1723
1723
1723
1723
1723
1723
1723
10
10
10
10
10
10
10
10
10
10
10
10
10
10
10
10
10
10
10
10
10.00000005
10.00000042
1723
1723
1723
1723
1723
1723
1723
1723
1723
1723
1723
1723
1723
1723
1723
1723
10.00000034
10.0000007
10
10
10
10
10
10
10
10
10
10
1723
1723
1723
1723
1723
1723
1723
1723
1723
1723
1723
1723
1723
1723
1723
1723
1723
1723
1723
1723
1723
1723
1723
1723
1723
1723
1723
1723
1723
1723
10
10
10
10
10
10
10
10
10
10
10
10
10
10
10
10
10
10
10
10
1723
1723
1723
1723
1723
1723
1723
1723
1723
1723
1723
1723
1723
1723
1723
1723
1723
1723
1723
1722.999999
10
10
10
10
10
10
10
10
10
10
1723
1723
1723
1723
1723
1723
1723
1723
1723
1723
1723
1723
1723
1723
1723
1723
1723
1723
1723
1723
1723
1723
1723
1723
1723
1723
1723
1723
1723
1723
10
10
10
10
10
10
10
10
10
10
10
10
10
10
10
10
10
10.00000006
10.00000056
1723
1723
1723
1723
1723
1723
1723
1723
1723
1723
1723
1723
1723
1723
1723
1723
1723
1723
1723
1723
1723
1723
10.00000036
10.00000002
10
10
10
10
10
10
10
1723
1723
1723
1723
1723
1723
1723
1723
1723
1723
1723
1723
1723
1723
1723
1723
1723
1723
1723
1723
1723
1723
1723
1723
1723
1723
1723
1723
1723
1723
10
10
10
10
10
10
10
10
10
10
10
10
10
10
10
10
10
1723
1723
1723
1723
1723
1723
1723
1723
1723
1723
1723
1723
1723
1723
1723
1723
1723
1723
1723
1723
1723
1723
1723
1723
1723
1723
10
10
10
10
10
10
10
1723
1723
1723
1723
1723
1723
1723
1723
1723
1723
1723
1723
1723
1723
1723
1723
1723
1723
1723
1723
1723
1723
1723
1723
1723
1723
1723
1723
1723
1723
10
10
10
10
10
10
10
10
10
10
10
10
10
10
10
10.00000006
1723
1723
1723
1723
1723
1723
1723
1723
1723
1723
1723
1723
1723
1723
1723
1723
1723
1723
1723
1723
1723
1723
1723
1723
1723
1723
1723
1723
10
10
10
10
10
10
1723
1723
1723
1723
1723
1723
1723
1723
1723
1723
1723
1723
1723
1723
1723
1723
1723
1723
1723
1723
1723
1723
1723
1723
1723
1723
1723
1723
1723
1723
10
10
10
10
10
10
10
10
10
10
10
10
10
10
10
1723
1723
1723
1723
1723
1723
1723
1723
1723
1723
1723
1723
1723
1723
1723
1723
1723
1723
1723
1723
1723
1723
1723
1723
1723
1723
1723
1723
1723
1723
10
10
10
10
10
1723
1723
1723
1723
1723
1723
1723
1723
1723
1723
1723
1723
1723
1723
1723
1723
1723
1723
1723
1723
1723
1723
1723
1723
1723
1723
1723
1723
1723
1723
10
10
10
10
10
10
10
10
10
10
10
10
10
10.00000006
1723
1723
1723
1723
1723
1723
1723
1723
1723
1723
1723
1723
1723
1723
1723
1723
1723
1723
1723
1723
1723
1723
1723
1723
1723
1723
1723
1723
1723
1723
1723
1723
10.00000003
10
10
10
1723
1723
1723
1723
1723
1723
1723
1723
1723
1723
1723
1723
1723
1723
1723
1723
1723
1723
1723
1723
1723
1723
1723
1723
1723
1723
1723
1723
1723
1723
10
10
10
10
10
10
10
10
10
10
10
10
10
10.00000056
1723
1723
1723
1723
1723
1723
1723
1723
1723
1723
1723
1723
1723
1723
1723
1723
1723
1723
1723
1723
1723
1723
1723
1723
1723
1723
1723
1723
1723
1723
1723
1723
10.00000037
10
10
10
1723
1723
1723
1723
1723
1723
1723
1723
1723
1723
1723
1723
1723
1723
1723
1723
1723
1723
1723
1723
1723
1723
1723
1723
1723
1723
1723
1723
1723
1723
10
10
10
10
10
10
10
10
10
10
10
10
10
1723
1723
1723
1723
1723
1723
1723
1723
1723
1723
1723
1723
1723
1723
1723
1723
1723
1723
1723
1723
1723
1723
1723
1723
1723
1723
1723
1723
1723
1723
1723
1723
1723
1723
10
10
10
1723
1723
1723
1723
1723
1723
1723
1723
1723
1723
1723
1723
1723
1723
1723
1723
1723
1723
1723
1723
1723
1723
1723
1723
1723
1723
1723
1723
1723
1723
10
10
10
10
10
10
10
10
10
10
10
10.00000005
1723
1723
1723
1723
1723
1723
1723
1723
1723
1723
1723
1723
1723
1723
1723
1723
1723
1723
1723
1723
1723
1723
1723
1723
1723
1723
1723
1723
1723
1723
1723
1723
1723
1723
1723
1722.999999
10.00000072
10.00000041
1723
1723
1723
1723
1723
1723
1723
1723
1723
1723
1723
1723
1723
1723
1723
1723
1723
1723
1723
1723
1723
1723
1723
1723
1723
1723
1723
1723
1723
1723
10
10
10
10
10
10
10
10
10
10
10
10.00000043
1723
1723
1723
1723
1723
1723
1723
1723
1723
1723
1723
1723
1723
1723
1723
1723
1723
1723
1723
1723
1723
1723
1723
1723
1723
1723
1723
1723
1723
1723
1723
1723
1723
1723
1723
1723
10.00000029
10
1723
1723
1723
1723
1723
1723
1723
1723
1723
1723
1723
1723
1723
1723
1723
1723
1723
1723
1723
1723
1723
1723
1723
1723
1723
1723
1723
1723
1723
1723
10
10
10
10
10
10
10
10
10
10
10
1723
1723
1723
1723
1723
1723
1723
1723
1723
1723
1723
1723
1723
1723
1723
1723
1723
1723
1723
1723
1723
1723
1723
1723
1723
1723
1723
1723
1723
1723
1723
1723
1723
1723
1723
1723
1723
1723
10.0000002
1723
1723
1723
1723
1723
1723
1723
1723
1723
1723
1723
1723
1723
1723
1723
1723
1723
1723
1723
1723
1723
1723
1723
1723
1723
1723
1723
1723
1723
1723
10
10
10
10
10
10
10
10
10
10
10
1723
1723
1723
1723
1723
1723
1723
1723
1723
1723
1723
1723
1723
1723
1723
1723
1723
1723
1723
1723
1723
1723
1723
1723
1723
1723
1723
1723
1723
1723
1723
1723
1723
1723
1723
1723
1723
1723
10.00000006
1723
1723
1723
1723
1723
1723
1723
1723
1723
1723
1723
1723
1723
1723
1723
1723
1723
1723
1723
1723
1723
1723
1723
1723
1723
1723
1723
1723
1723
1723
10
10
10
10
10
10
10
10
10
10
10.00000045
1723
1723
1723
1723
1723
1723
1723
1723
1723
1723
1723
1723
1723
1723
1723
1723
1723
1723
1723
1723
1723
1723
1723
1723
1723
1723
1723
1723
1723
1723
1723
1723
1723
1723
1723
1723
1723
1723
10.00000141
1723
1723
1723
1723
1723
1723
1723
1723
1723
1723
1723
1723
1723
1723
1723
1723
1723
1723
1723
1723
1723
1723
1723
1723
1723
1723
1723
1723
1723
1723
10
10
10
10
10
10
10
10
10
10
10.00000076
1723
1723
1723
1723
1723
1723
1723
1723
1723
1723
1723
1723
1723
1723
1723
1723
1723
1723
1723
1723
1723
1723
1723
1723
1723
1723
1723
1723
1723
1723
1723
1723
1723
1723
1723
1723
1723
1723
10
1723
1723
1723
1723
1723
1723
1723
1723
1723
1723
1723
1723
1723
1723
1723
1723
1723
1723
1723
1723
1723
1723
1723
1723
1723
1723
1723
1723
1723
1723
10
10
10
10
10
10
10
10
10
10
1723
1723
1723
1723
1723
1723
1723
1723
1723
1723
1723
1723
1723
1723
1723
1723
1723
1723
1723
1723
1723
1723
1723
1723
1723
1723
1723
1723
1723
1723
1723
1723
1723
1723
1723
1723
1723
1723
1723
1723
1723
1723
1723
1723
1723
1723
1723
1723
1723
1723
1723
1723
1723
1723
1723
1723
1723
1723
1723
1723
1723
1723
1723
1723
1723
1723
1723
1723
1723
1723
10
10
10
10
10
10
10
10
10
10
1723
1723
1723
1723
1723
1723
1723
1723
1723
1723
1723
1723
1723
1723
1723
1723
1723
1723
1723
1723
1723
1723
1723
1723
1723
1723
1723
1723
1723
1723
1723
1723
1723
1723
1723
1723
1723
1723
1723
1723
1723
1723
1723
1723
1723
1723
1723
1723
1723
1723
1723
1723
1723
1723
1723
1723
1723
1723
1723
1723
1723
1723
1723
1723
1723
1723
1723
1723
1723
1723
10
10
10
10
10
10
10
10
10
10.00000011
1723
1723
1723
1723
1723
1723
1723
1723
1723
1723
1723
1723
1723
1723
1723
1723
1723
1723
1723
1723
1723
1723
1723
1723
1723
1723
1723
1723
1723
1723
1723
1723
1723
1723
1723
1723
1723
1723
1723
1723
1723
1723
1723
1723
1723
1723
1723
1723
1723
1723
1723
1723
1723
1723
1723
1723
1723
1723
1723
1723
1723
1723
1723
1723
1723
1723
1723
1723
1723
1723
10
10
10
10
10
10
10
10
10
10.00000006
1723
1723
1723
1723
1723
1723
1723
1723
1723
1723
1723
1723
1723
1723
1723
1723
1723
1723
1723
1723
1723
1723
1723
1723
1723
1723
1723
1723
1723
1723
1723
1723
1723
1723
1723
1723
1723
1723
1723
1723
1723
1723
1723
1723
1723
1723
1723
1723
1723
1723
1723
1723
1723
1723
1723
1723
1723
1723
1723
1723
1723
1723
1723
1723
1723
1723
1723
1723
1723
1723
10
10
10
10
10
10
10
10
10
10.00000006
1723
1723
1723
1723
1723
1723
1723
1723
1723
1723
1723
1723
1723
1723
1723
1723
1723
1723
1723
1723
1723
1723
1723
1723
1723
1723
1723
1723
1723
1723
1723
1723
1723
1723
1723
1723
1723
1723
1723
1723
1723
1723
1723
1723
1723
1723
1723
1723
1723
1723
1723
1723
1723
1723
1723
1723
1723
1723
1723
1723
1723
1723
1723
1723
1723
1723
1723
1723
1723
1723
10
10
10
10
10
10
10
10
10
10.00000011
1723
1723
1723
1723
1723
1723
1723
1723
1723
1723
1723
1723
1723
1723
1723
1723
1723
1723
1723
1723
1723
1723
1723
1723
1723
1723
1723
1723
1723
1723
1723
1723
1723
1723
1723
1723
1723
1723
1723
1723
1723
1723
1723
1723
1723
1723
1723
1723
1723
1723
1723
1723
1723
1723
1723
1723
1723
1723
1723
1723
1723
1723
1723
1723
1723
1723
1723
1723
1723
1723
10
10
10
10
10
10
10
10
10
10
1723
1723
1723
1723
1723
1723
1723
1723
1723
1723
1723
1723
1723
1723
1723
1723
1723
1723
1723
1723
1723
1723
1723
1723
1723
1723
1723
1723
1723
1723
1723
1723
1723
1723
1723
1723
1723
1723
1723
1723
1723
1723
1723
1723
1723
1723
1723
1723
1723
1723
1723
1723
1723
1723
1723
1723
1723
1723
1723
1723
1723
1723
1723
1723
1723
1723
1723
1723
1723
1723
10
10
10
10
10
10
10
10
10
10
1723
1723
1723
1723
1723
1723
1723
1723
1723
1723
1723
1723
1723
1723
1723
1723
1723
1723
1723
1723
1723
1723
1723
1723
1723
1723
1723
1723
1723
1723
1723
1723
1723
1723
1723
1723
1723
1723
1723
1723
1723
1723
1723
1723
1723
1723
1723
1723
1723
1723
1723
1723
1723
1723
1723
1723
1723
1723
1723
1723
1723
1723
1723
1723
1723
1723
1723
1723
1723
1723
10
10
10
10
10
10
10
10
10
10
10.00000076
1723
1723
1723
1723
1723
1723
1723
1723
1723
1723
1723
1723
1723
1723
1723
1723
1723
1723
1723
1723
1723
1723
1723
1723
1723
1723
1723
1723
1723
1723
1723
1723
1723
1723
1723
1723
1723
1723
10
1723
1723
1723
1723
1723
1723
1723
1723
1723
1723
1723
1723
1723
1723
1723
1723
1723
1723
1723
1723
1723
1723
1723
1723
1723
1723
1723
1723
1723
1723
10
10
10
10
10
10
10
10
10
10
10.00000045
1723
1723
1723
1723
1723
1723
1723
1723
1723
1723
1723
1723
1723
1723
1723
1723
1723
1723
1723
1723
1723
1723
1723
1723
1723
1723
1723
1723
1723
1723
1723
1723
1723
1723
1723
1723
1723
1723
10.00000141
1723
1723
1723
1723
1723
1723
1723
1723
1723
1723
1723
1723
1723
1723
1723
1723
1723
1723
1723
1723
1723
1723
1723
1723
1723
1723
1723
1723
1723
1723
10
10
10
10
10
10
10
10
10
10
10
1723
1723
1723
1723
1723
1723
1723
1723
1723
1723
1723
1723
1723
1723
1723
1723
1723
1723
1723
1723
1723
1723
1723
1723
1723
1723
1723
1723
1723
1723
1723
1723
1723
1723
1723
1723
1723
1723
10.00000006
1723
1723
1723
1723
1723
1723
1723
1723
1723
1723
1723
1723
1723
1723
1723
1723
1723
1723
1723
1723
1723
1723
1723
1723
1723
1723
1723
1723
1723
1723
10
10
10
10
10
10
10
10
10
10
10
1723
1723
1723
1723
1723
1723
1723
1723
1723
1723
1723
1723
1723
1723
1723
1723
1723
1723
1723
1723
1723
1723
1723
1723
1723
1723
1723
1723
1723
1723
1723
1723
1723
1723
1723
1723
1723
1723
10.0000002
1723
1723
1723
1723
1723
1723
1723
1723
1723
1723
1723
1723
1723
1723
1723
1723
1723
1723
1723
1723
1723
1723
1723
1723
1723
1723
1723
1723
1723
1723
10
10
10
10
10
10
10
10
10
10
10
10.00000044
1723
1723
1723
1723
1723
1723
1723
1723
1723
1723
1723
1723
1723
1723
1723
1723
1723
1723
1723
1723
1723
1723
1723
1723
1723
1723
1723
1723
1723
1723
1723
1723
1723
1723
1723
1723
10.0000003
10
1723
1723
1723
1723
1723
1723
1723
1723
1723
1723
1723
1723
1723
1723
1723
1723
1723
1723
1723
1723
1723
1723
1723
1723
1723
1723
1723
1723
1723
1723
10
10
10
10
10
10
10
10
10
10
10
10.00000005
1723
1723
1723
1723
1723
1723
1723
1723
1723
1723
1723
1723
1723
1723
1723
1723
1723
1723
1723
1723
1723
1723
1723
1723
1723
1723
1723
1723
1723
1723
1723
1723
1723
1723
1723
1722.999999
10.00000073
10.00000042
1723
1723
1723
1723
1723
1723
1723
1723
1723
1723
1723
1723
1723
1723
1723
1723
1723
1723
1723
1723
1723
1723
1723
1723
1723
1723
1723
1723
1723
1723
10
10
10
10
10
10
10
10
10
10
10
10
10
1723
1723
1723
1723
1723
1723
1723
1723
1723
1723
1723
1723
1723
1723
1723
1723
1723
1723
1723
1723
1723
1723
1723
1723
1723
1723
1723
1723
1723
1723
1723
1723
1723
1723
10
10
10
1723
1723
1723
1723
1723
1723
1723
1723
1723
1723
1723
1723
1723
1723
1723
1723
1723
1723
1723
1723
1723
1723
1723
1723
1723
1723
1723
1723
1723
1723
10
10
10
10
10
10
10
10
10
10
10
10
10
10.00000057
1723
1723
1723
1723
1723
1723
1723
1723
1723
1723
1723
1723
1723
1723
1723
1723
1723
1723
1723
1723
1723
1723
1723
1723
1723
1723
1723
1723
1723
1723
1723
1723
10.0000004
10
10
10
1723
1723
1723
1723
1723
1723
1723
1723
1723
1723
1723
1723
1723
1723
1723
1723
1723
1723
1723
1723
1723
1723
1723
1723
1723
1723
1723
1723
1723
1723
10
10
10
10
10
10
10
10
10
10
10
10
10
10.00000006
1723
1723
1723
1723
1723
1723
1723
1723
1723
1723
1723
1723
1723
1723
1723
1723
1723
1723
1723
1723
1723
1723
1723
1723
1723
1723
1723
1723
1723
1723
1723
1723
10.00000003
10
10
10
1723
1723
1723
1723
1723
1723
1723
1723
1723
1723
1723
1723
1723
1723
1723
1723
1723
1723
1723
1723
1723
1723
1723
1723
1723
1723
1723
1723
1723
1723
10
10
10
10
10
10
10
10
10
10
10
10
10
10
10
1723
1723
1723
1723
1723
1723
1723
1723
1723
1723
1723
1723
1723
1723
1723
1723
1723
1723
1723
1723
1723
1723
1723
1723
1723
1723
1723
1723
1723
1723
10
10
10
10
10
1723
1723
1723
1723
1723
1723
1723
1723
1723
1723
1723
1723
1723
1723
1723
1723
1723
1723
1723
1723
1723
1723
1723
1723
1723
1723
1723
1723
1723
1723
10
10
10
10
10
10
10
10
10
10
10
10
10
10
10
10.00000006
1723
1723
1723
1723
1723
1723
1723
1723
1723
1723
1723
1723
1723
1723
1723
1723
1723
1723
1723
1723
1723
1723
1723
1723
1723
1723
1723
1723
10.00000002
10
10
10
10
10
1723
1723
1723
1723
1723
1723
1723
1723
1723
1723
1723
1723
1723
1723
1723
1723
1723
1723
1723
1723
1723
1723
1723
1723
1723
1723
1723
1723
1723
1723
10
10
10
10
10
10
10
10
10
10
10
10
10
10
10
10
10
1723
1723
1723
1723
1723
1723
1723
1723
1723
1723
1723
1723
1723
1723
1723
1723
1723
1723
1723
1723
1723
1723
1723
1723
1723
1723
10
10
10
10
10
10
10
1723
1723
1723
1723
1723
1723
1723
1723
1723
1723
1723
1723
1723
1723
1723
1723
1723
1723
1723
1723
1723
1723
1723
1723
1723
1723
1723
1723
1723
1723
10
10
10
10
10
10
10
10
10
10
10
10
10
10
10
10
10
10.00000006
10.00000056
1723
1723
1723
1723
1723
1723
1723
1723
1723
1723
1723
1723
1723
1723
1723
1723
1723
1723
1723
1723
1723
1723
10.00000054
10.00000005
10
10
10
10
10
10
10
1723
1723
1723
1723
1723
1723
1723
1723
1723
1723
1723
1723
1723
1723
1723
1723
1723
1723
1723
1723
1723
1723
1723
1723
1723
1723
1723
1723
1723
1723
10
10
10
10
10
10
10
10
10
10
10
10
10
10
10
10
10
10
10
10
1723
1723
1723
1723
1723
1723
1723
1723
1723
1723
1723
1723
1723
1723
1723
1723
1723
1723
1723
1723
10
10
10
10
10
10
10
10
10
10
1723
1723
1723
1723
1723
1723
1723
1723
1723
1723
1723
1723
1723
1723
1723
1723
1723
1723
1723
1723
1723
1723
1723
1723
1723
1723
1723
1723
1723
1723
10
10
10
10
10
10
10
10
10
10
10
10
10
10
10
10
10
10
10
10
10.00000005
10.00000043
1723
1723
1723
1723
1723
1723
1723
1723
1723
1723
1723
1723
1723
1723
1723
1723
10.00000042
10.00000005
10
10
10
10
10
10
10
10
10
10
1723
1723
1723
1723
1723
1723
1723
1723
1723
1723
1723
1723
1723
1723
1723
1723
1723
1723
1723
1723
1723
1723
1723
1723
1723
1723
1723
1723
1723
1723
10
10
10
10
10
10
10
10
10
10
10
10
10
10
10
10
10
10
10
10
10
10
10
10
10.00000045
10.00000076
1723
1723
1723
1723
1723
1723
1723
1723
10.00000076
10.00000045
10
10
10
10
10
10
10
10
10
10
10
10
10
10
1723
1723
1723
1723
1723
1723
1723
1723
1723
1723
1723
1723
1723
1723
1723
1723
1723
1723
1723
1723
1723
1723
1723
1723
1723
1723
1723
1723
1723
1723
10
10
10
10
10
10
10
10
10
10
10
10
10
10
10
10
10
10
10
10
10
10
10
10
10
10
10
10
10.0000001
10.00000005
10.00000005
10.0000001
10
10
10
10
10
10
10
10
10
10
10
10
10
10
10
10
10
10
1723
1723
1723
1723
1723
1723
1723
1723
1723
1723
1723
1723
1723
1723
1723
1723
1723
1723
1723
1723
1723
1723
1723
1723
1723
1723
1723
1723
1723
1723
10
10
10
10
10
10
10
10
10
10
10
10
10
10
10
10
10
10
10
10
10
10
10
10
10
10
10
10
10
10
10
10
10
10
10
10
10
10
10
10
10
10
10
10
10
10
10
10
10
10
1723
1723
1723
1723
1723
1723
1723
1723
1723
1723
1723
1723
1723
1723
1723
1723
1723
1723
1723
1723
1723
1723
1723
1723
1723
1723
1723
1723
1723
1723
10
10
10
10
10
10
10
10
10
10
10
10
10
10
10
10
10
10
10
10
10
10
10
10
10
10
10
10
10
10
10
10
10
10
10
10
10
10
10
10
10
10
10
10
10
10
10
10
10
10
1723
1723
1723
1723
1723
1723
1723
1723
1723
1723
1723
1723
1723
1723
1723
1723
1723
1723
1723
1723
1723
1723
1723
1723
1723
1723
1723
1723
1723
1723
10
10
10
10
10
10
10
10
10
10
10
10
10
10
10
10
10
10
10
10
10
10
10
10
10
10
10
10
10
10
10
10
10
10
10
10
10
10
10
10
10
10
10
10
10
10
10
10
10
10
1723
1723
1723
1723
1723
1723
1723
1723
1723
1723
1723
1723
1723
1723
1723
1723
1723
1723
1723
1723
1723
1723
1723
1723
1723
1723
1723
1723
1723
1723
10
10
10
10
10
10
10
10
10
10
10
10
10
10
10
10
10
10
10
10
10
10
10
10
10
10
10
10
10
10
10
10
10
10
10
10
10
10
10
10
10
10
10
10
10
10
10
10
10
10
1723
1723
1723
1723
1723
1723
1723
1723
1723
1723
1723
1723
1723
1723
1723
1723
1723
1723
1723
1723
1723
1723
1723
1723
1723
1723
1723
1723
1723
1723
10
10
10
10
10
10
10
10
10
10
10
10
10
10
10
10
10
10
10
10
10
10
10
10
10
10
10
10
10
10
10
10
10
10
10
10
10
10
10
10
10
10
10
10
10
10
10
10
10
10
1723
1723
1723
1723
1723
1723
1723
1723
1723
1723
1723
1723
1723
1723
1723
1723
1723
1723
1723
1723
1723
1723
1723
1723
1723
1723
1723
1723
1723
1723
10
10
10
10
10
10
10
10
10
10
10
10
10
10
10
10
10
10
10
10
10
10
10
10
10
10
10
10
10
10
10
10
10
10
10
10
10
10
10
10
10
10
10
10
10
10
10
10
10
10
1723
1723
1723
1723
1723
1723
1723
1723
1723
1723
1723
1723
1723
1723
1723
1723
1723
1723
1723
1723
1723
1723
1723
1723
1723
1723
1723
1723
1723
1723
10
10
10
10
10
10
10
10
10
10
10
10
10
10
10
10
10
10
10
10
10
10
10
10
10
10
10
10
10
10
10
10
10
10
10
10
10
10
10
10
10
10
10
10
10
10
10
10
10
10
1723
1723
1723
1723
1723
1723
1723
1723
1723
1723
1723
1723
1723
1723
1723
1723
1723
1723
1723
1723
1723
1723
1723
1723
1723
1723
1723
1723
1723
1723
10
10
10
10
10
10
10
10
10
10
10
10
10
10
10
10
10
10
10
10
10
10
10
10
10
10
10
10
10
10
10
10
10
10
10
10
10
10
10
10
10
10
10
10
10
10
10
10
10
10
1723
1723
1723
1723
1723
1723
1723
1723
1723
1723
1723
1723
1723
1723
1723
1723
1723
1723
1723
1723
1723
1723
1723
1723
1723
1723
1723
1723
1723
1723
10
10
10
10
10
10
10
10
10
10
10
10
10
10
10
10
10
10
10
10
10
10
10
10
10
10
10
10
10
10
10
10
10
10
10
10
10
10
10
10
10
10
10
10
10
10
10
10
10
10
1723
1723
1723
1723
1723
1723
1723
1723
1723
1723
1723
1723
1723
1723
1723
1723
1723
1723
1723
1723
1723
1723
1723
1723
1723
1723
1723
1723
1723
1723
10
10
10
10
10
10
10
10
10
10
10
10
10
10
10
10
10
10
10
10
10
10
10
10
10
10
10
10
10
10
10
10
10
10
10
10
10
10
10
10
10
10
10
10
10
10
10
10
10
10
1723
1723
1723
1723
1723
1723
1723
1723
1723
1723
1723
1723
1723
1723
1723
1723
1723
1723
1723
1723
1723
1723
1723
1723
1723
1723
1723
1723
1723
1723
10
10
10
10
10
10
10
10
10
10
10
10
10
10
10
10
10
10
10
10
10
10
10
10
10
10
10
10
10
10
10
10
10
10
10
10
10
10
10
10
10
10
10
10
10
10
10
10
10
10
1723
1723
1723
1723
1723
1723
1723
1723
1723
1723
1723
1723
1723
1723
1723
1723
1723
1723
1723
1723
1723
1723
1723
1723
1723
1723
1723
1723
1723
1723
10
10
10
10
10
10
10
10
10
10
10
10
10
10
10
10
10
10
10
10
10
10
10
10
10
10
10
10
10
10
10
10
10
10
10
10
10
10
10
10
10
10
10
10
10
10
10
10
10
10
1723
1723
1723
1723
1723
1723
1723
1723
1723
1723
1723
1723
1723
1723
1723
1723
1723
1723
1723
1723
1723
1723
1723
1723
1723
1723
1723
1723
1723
1723
10
10
10
10
10
10
10
10
10
10
10
10
10
10
10
10
10
10
10
10
10
10
10
10
10
10
10
10
10
10
10
10
10
10
10
10
10
10
10
10
10
10
10
10
10
10
10
10
10
10
1723
1723
1723
1723
1723
1723
1723
1723
1723
1723
1723
1723
1723
1723
1723
1723
1723
1723
1723
1723
1723
1723
1723
1723
1723
1723
1723
1723
1723
1723
10
10
10
10
10
10
10
10
10
10
10
10
10
10
10
10
10
10
10
10
10
10
10
10
10
10
10
10
10
10
10
10
10
10
10
10
10
10
10
10
10
10
10
10
10
10
10
10
10
10
1723
1723
1723
1723
1723
1723
1723
1723
1723
1723
1723
1723
1723
1723
1723
1723
1723
1723
1723
1723
1723
1723
1723
1723
1723
1723
1723
1723
1723
1723
10
10
10
10
10
10
10
10
10
10
10
10
10
10
10
10
10
10
10
10
10
10
10
10
10
10
10
10
10
10
10
10
10
10
10
10
10
10
10
10
10
10
10
10
10
10
10
10
10
10
1723
1723
1723
1723
1723
1723
1723
1723
1723
1723
1723
1723
1723
1723
1723
1723
1723
1723
1723
1723
1723
1723
1723
1723
1723
1723
1723
1723
1723
1723
10
10
10
10
10
10
10
10
10
10
10
10
10
10
10
10
10
10
10
10
10
10
10
10
10
10
10
10
10
10
10
10
10
10
10
10
10
10
10
10
10
10
10
10
10
10
10
10
10
10
1723
1723
1723
1723
1723
1723
1723
1723
1723
1723
1723
1723
1723
1723
1723
1723
1723
1723
1723
1723
1723
1723
1723
1723
1723
1723
1723
1723
1723
1723
10
10
10
10
10
10
10
10
10
10
10
10
10
10
10
10
10
10
10
10
10
10
10
10
10
10
10
10
10
10
10
10
10
10
10
10
10
10
10
10
10
10
10
10
10
10
10
10
10
10
1723
1723
1723
1723
1723
1723
1723
1723
1723
1723
1723
1723
1723
1723
1723
1723
1723
1723
1723
1723
1723
1723
1723
1723
1723
1723
1723
1723
1723
1723
10
10
10
10
10
10
10
10
10
10
10
10
10
10
10
10
10
10
10
10
10
10
10
10
10
10
10
10
10
10
10
10
10
10
10
10
10
10
10
10
10
10
10
10
10
10
10
10
10
10
1723
1723
1723
1723
1723
1723
1723
1723
1723
1723
1723
1723
1723
1723
1723
1723
1723
1723
1723
1723
1723
1723
1723
1723
1723
1723
1723
1723
1723
1723
10
10
10
10
10
10
10
10
10
10
10
10
10
10
10
10
10
10
10
10
10
10
10
10
10
10
10
10
10
10
10
10
10
10
10
10
10
10
10
10
10
10
10
10
10
10
10
10
10
10
1723
1723
1723
1723
1723
1723
1723
1723
1723
1723
1723
1723
1723
1723
1723
1723
1723
1723
1723
1723
1723
1723
1723
1723
1723
1723
1723
1723
1723
1723
)
;

boundaryField
{
    lowerWall
    {
        type            calculated;
        value           uniform 1723;
    }
    atmosphere
    {
        type            calculated;
        value           uniform 10;
    }
    rightWall
    {
        type            empty;
    }
    leftWall
    {
        type            empty;
    }
    frontAndBack
    {
        type            calculated;
        value           nonuniform List<scalar> 
160
(
10
10
10
10
10
10
10
10
10
10
10
10
10
10
10
10
10
10
10
10
10
10
10
10
10
10
10
10
10
10
10
10
10
10
10
10
10
10
10
10
10
10
10
10
10
10
10
10
10
10
1723
1723
1723
1723
1723
1723
1723
1723
1723
1723
1723
1723
1723
1723
1723
1723
1723
1723
1723
1723
1723
1723
1723
1723
1723
1723
1723
1723
1723
1723
10
10
10
10
10
10
10
10
10
10
10
10
10
10
10
10
10
10
10
10
10
10
10
10
10
10
10
10
10
10
10
10
10
10
10
10
10
10
10
10
10
10
10
10
10
10
10
10
10
10
1723
1723
1723
1723
1723
1723
1723
1723
1723
1723
1723
1723
1723
1723
1723
1723
1723
1723
1723
1723
1723
1723
1723
1723
1723
1723
1723
1723
1723
1723
)
;
    }
}


// ************************************************************************* //
