/*--------------------------------*- C++ -*----------------------------------*\
  =========                 |
  \\      /  F ield         | OpenFOAM: The Open Source CFD Toolbox
   \\    /   O peration     | Website:  https://openfoam.org
    \\  /    A nd           | Version:  10
     \\/     M anipulation  |
\*---------------------------------------------------------------------------*/
FoamFile
{
    format      ascii;
    class       volScalarField;
    location    "0.004";
    object      TSolidus;
}
// * * * * * * * * * * * * * * * * * * * * * * * * * * * * * * * * * * * * * //

dimensions      [0 0 0 1 0 0 0];

internalField   nonuniform List<scalar> 
19200
(
1
1
1
1
1
1
1
1
1
1
1
1
1
1
1
1
1
1
1
1
1
1
1
1
1
1
1
1
1
1
1
1
1
1
1
1
1
1
1
1
1
1
1
1
1
1
1
1
1
1
1658
1658
1658
1658
1658
1658
1658
1658
1658
1658
1658
1658
1658
1658
1658
1658
1658
1658
1658
1658
1658
1658
1658
1658
1658
1658
1658
1658
1658
1658
1
1
1
1
1
1
1
1
1
1
1
1
1
1
1
1
1
1
1
1
1
1
1
1
1
1
1
1
1
1
1
1
1
1
1
1
1
1
1
1
1
1
1
1
1
1
1
1
1
1
1658
1658
1658
1658
1658
1658
1658
1658
1658
1658
1658
1658
1658
1658
1658
1658
1658
1658
1658
1658
1658
1658
1658
1658
1658
1658
1658
1658
1658
1658
1
1
1
1
1
1
1
1
1
1
1
1
1
1
1
1
1
1
1
1
1
1
1
1
1
1
1
1
1
1
1
1
1
1
1
1
1
1
1
1
1
1
1
1
1
1
1
1
1
1
1658
1658
1658
1658
1658
1658
1658
1658
1658
1658
1658
1658
1658
1658
1658
1658
1658
1658
1658
1658
1658
1658
1658
1658
1658
1658
1658
1658
1658
1658
1
1
1
1
1
1
1
1
1
1
1
1
1
1
1
1
1
1
1
1
1
1
1
1
1
1
1
1
1
1
1
1
1
1
1
1
1
1
1
1
1
1
1
1
1
1
1
1
1
1
1658
1658
1658
1658
1658
1658
1658
1658
1658
1658
1658
1658
1658
1658
1658
1658
1658
1658
1658
1658
1658
1658
1658
1658
1658
1658
1658
1658
1658
1658
1
1
1
1
1
1
1
1
1
1
1
1
1
1
1
1
1
1
1
1
1
1
1
1
1
1
1
1
1
1
1
1
1
1
1
1
1
1
1
1
1
1
1
1
1
1
1
1
1
1
1658
1658
1658
1658
1658
1658
1658
1658
1658
1658
1658
1658
1658
1658
1658
1658
1658
1658
1658
1658
1658
1658
1658
1658
1658
1658
1658
1658
1658
1658
1
1
1
1
1
1
1
1
1
1
1
1
1
1
1
1
1
1
1
1
1
1
1
1
1
1
1
1
1
1
1
1
1
1
1
1
1
1
1
1
1
1
1
1
1
1
1
1
1
1
1658
1658
1658
1658
1658
1658
1658
1658
1658
1658
1658
1658
1658
1658
1658
1658
1658
1658
1658
1658
1658
1658
1658
1658
1658
1658
1658
1658
1658
1658
1
1
1
1
1
1
1
1
1
1
1
1
1
1
1
1
1
1
1
1
1
1
1
1
1
1
1
1
1
1
1
1
1
1
1
1
1
1
1
1
1
1
1
1
1
1
1
1
1
1
1658
1658
1658
1658
1658
1658
1658
1658
1658
1658
1658
1658
1658
1658
1658
1658
1658
1658
1658
1658
1658
1658
1658
1658
1658
1658
1658
1658
1658
1658
1
1
1
1
1
1
1
1
1
1
1
1
1
1
1
1
1
1
1
1
1
1
1
1
1
1
1
1
1
1
1
1
1
1
1
1
1
1
1
1
1
1
1
1
1
1
1
1
1
1
1658
1658
1658
1658
1658
1658
1658
1658
1658
1658
1658
1658
1658
1658
1658
1658
1658
1658
1658
1658
1658
1658
1658
1658
1658
1658
1658
1658
1658
1658
1
1
1
1
1
1
1
1
1
1
1
1
1
1
1
1
1
1
1
1
1
1
1
1
1
1
1
1
1
1
1
1
1
1
1
1
1
1
1
1
1
1
1
1
1
1
1
1
1
1
1658
1658
1658
1658
1658
1658
1658
1658
1658
1658
1658
1658
1658
1658
1658
1658
1658
1658
1658
1658
1658
1658
1658
1658
1658
1658
1658
1658
1658
1658
1
1
1
1
1
1
1
1
1
1
1
1
1
1
1
1
1
1
1
1
1
1
1
1
1
1
1
1
1
1
1
1
1
1
1
1
1
1
1
1.000000161
1.000000158
1
1
1
1
1
1
1
1
1
1658
1658
1658
1658
1658
1658
1658
1658
1658
1658
1658
1658
1658
1658
1658
1658
1658
1658
1658
1658
1658
1658
1658
1658
1658
1658
1658
1658
1658
1658
1
1
1
1
1
1
1
1
1
1
1
1
1
1
1
1
1
1
1
1
1
1
1
1
1
1
1
1
1
1
1
1
1
1
1
1
1.000000452
1658
1658
1658
1658
1658
1658
1.000000413
1
1
1
1
1
1
1658
1658
1658
1658
1658
1658
1658
1658
1658
1658
1658
1658
1658
1658
1658
1658
1658
1658
1658
1658
1658
1658
1658
1658
1658
1658
1658
1658
1658
1658
1
1
1
1
1
1
1
1
1
1
1
1
1
1
1
1
1
1
1
1
1
1
1
1
1
1
1
1
1
1
1
1
1
1.000000087
1.000000283
1658
1658
1658
1658
1658
1658
1658
1658
1658
1658
1.000000162
1.000000011
1
1
1
1658
1658
1658
1658
1658
1658
1658
1658
1658
1658
1658
1658
1658
1658
1658
1658
1658
1658
1658
1658
1658
1658
1658
1658
1658
1658
1658
1658
1658
1658
1
1
1
1
1
1
1
1
1
1
1
1
1
1
1
1
1
1
1
1
1
1
1
1
1
1
1
1
1
1
1
1
1
1658
1658
1658
1658
1658
1658
1658
1658
1658
1658
1658
1658
1658
1658
1
1
1
1658
1658
1658
1658
1658
1658
1658
1658
1658
1658
1658
1658
1658
1658
1658
1658
1658
1658
1658
1658
1658
1658
1658
1658
1658
1658
1658
1658
1658
1658
1
1
1
1
1
1
1
1
1
1
1
1
1
1
1
1
1
1
1
1
1
1
1
1
1
1
1
1
1
1
1
1.000000088
1658
1658
1658
1658
1658
1658
1658
1658
1658
1658
1658
1658
1658
1658
1658
1657.999999
1.00000075
1.000000369
1658
1658
1658
1658
1658
1658
1658
1658
1658
1658
1658
1658
1658
1658
1658
1658
1658
1658
1658
1658
1658
1658
1658
1658
1658
1658
1658
1658
1658
1658
1
1
1
1
1
1
1
1
1
1
1
1
1
1
1
1
1
1
1
1
1
1
1
1
1
1
1
1
1
1
1
1.000000286
1658
1658
1658
1658
1658
1658
1658
1658
1658
1658
1658
1658
1658
1658
1658
1658
1.000000193
1
1658
1658
1658
1658
1658
1658
1658
1658
1658
1658
1658
1658
1658
1658
1658
1658
1658
1658
1658
1658
1658
1658
1658
1658
1658
1658
1658
1658
1658
1658
1
1
1
1
1
1
1
1
1
1
1
1
1
1
1
1
1
1
1
1
1
1
1
1
1
1
1
1
1
1
1
1658
1658
1658
1658
1658
1658
1658
1658
1658
1658
1658
1658
1658
1658
1658
1658
1658
1658
1.00000142
1658
1658
1658
1658
1658
1658
1658
1658
1658
1658
1658
1658
1658
1658
1658
1658
1658
1658
1658
1658
1658
1658
1658
1658
1658
1658
1658
1658
1658
1658
1
1
1
1
1
1
1
1
1
1
1
1
1
1
1
1
1
1
1
1
1
1
1
1
1
1
1
1
1
1
1.00000046
1658
1658
1658
1658
1658
1658
1658
1658
1658
1658
1658
1658
1658
1658
1658
1658
1658
1658
1.000000021
1658
1658
1658
1658
1658
1658
1658
1658
1658
1658
1658
1658
1658
1658
1658
1658
1658
1658
1658
1658
1658
1658
1658
1658
1658
1658
1658
1658
1658
1658
1
1
1
1
1
1
1
1
1
1
1
1
1
1
1
1
1
1
1
1
1
1
1
1
1
1
1
1
1
1
1658
1658
1658
1658
1658
1658
1658
1658
1658
1658
1658
1658
1658
1658
1658
1658
1658
1658
1658
1658
1658
1658
1658
1658
1658
1658
1658
1658
1658
1658
1658
1658
1658
1658
1658
1658
1658
1658
1658
1658
1658
1658
1658
1658
1658
1658
1658
1658
1658
1658
1
1
1
1
1
1
1
1
1
1
1
1
1
1
1
1
1
1
1
1
1
1
1
1
1
1
1
1
1
1
1658
1658
1658
1658
1658
1658
1658
1658
1658
1658
1658
1658
1658
1658
1658
1658
1658
1658
1658
1658
1658
1658
1658
1658
1658
1658
1658
1658
1658
1658
1658
1658
1658
1658
1658
1658
1658
1658
1658
1658
1658
1658
1658
1658
1658
1658
1658
1658
1658
1658
1
1
1
1
1
1
1
1
1
1
1
1
1
1
1
1
1
1
1
1
1
1
1
1
1
1
1
1
1
1.000000171
1658
1658
1658
1658
1658
1658
1658
1658
1658
1658
1658
1658
1658
1658
1658
1658
1658
1658
1658
1658
1658
1658
1658
1658
1658
1658
1658
1658
1658
1658
1658
1658
1658
1658
1658
1658
1658
1658
1658
1658
1658
1658
1658
1658
1658
1658
1658
1658
1658
1658
1
1
1
1
1
1
1
1
1
1
1
1
1
1
1
1
1
1
1
1
1
1
1
1
1
1
1
1
1
1.000000171
1658
1658
1658
1658
1658
1658
1658
1658
1658
1658
1658
1658
1658
1658
1658
1658
1658
1658
1658
1658
1658
1658
1658
1658
1658
1658
1658
1658
1658
1658
1658
1658
1658
1658
1658
1658
1658
1658
1658
1658
1658
1658
1658
1658
1658
1658
1658
1658
1658
1658
1
1
1
1
1
1
1
1
1
1
1
1
1
1
1
1
1
1
1
1
1
1
1
1
1
1
1
1
1
1
1658
1658
1658
1658
1658
1658
1658
1658
1658
1658
1658
1658
1658
1658
1658
1658
1658
1658
1658
1658
1658
1658
1658
1658
1658
1658
1658
1658
1658
1658
1658
1658
1658
1658
1658
1658
1658
1658
1658
1658
1658
1658
1658
1658
1658
1658
1658
1658
1658
1658
1
1
1
1
1
1
1
1
1
1
1
1
1
1
1
1
1
1
1
1
1
1
1
1
1
1
1
1
1
1
1658
1658
1658
1658
1658
1658
1658
1658
1658
1658
1658
1658
1658
1658
1658
1658
1658
1658
1658
1658
1658
1658
1658
1658
1658
1658
1658
1658
1658
1658
1658
1658
1658
1658
1658
1658
1658
1658
1658
1658
1658
1658
1658
1658
1658
1658
1658
1658
1658
1658
1
1
1
1
1
1
1
1
1
1
1
1
1
1
1
1
1
1
1
1
1
1
1
1
1
1
1
1
1
1
1.00000046
1658
1658
1658
1658
1658
1658
1658
1658
1658
1658
1658
1658
1658
1658
1658
1658
1658
1658
1.000000019
1658
1658
1658
1658
1658
1658
1658
1658
1658
1658
1658
1658
1658
1658
1658
1658
1658
1658
1658
1658
1658
1658
1658
1658
1658
1658
1658
1658
1658
1658
1
1
1
1
1
1
1
1
1
1
1
1
1
1
1
1
1
1
1
1
1
1
1
1
1
1
1
1
1
1
1
1658
1658
1658
1658
1658
1658
1658
1658
1658
1658
1658
1658
1658
1658
1658
1658
1658
1658
1.000001419
1658
1658
1658
1658
1658
1658
1658
1658
1658
1658
1658
1658
1658
1658
1658
1658
1658
1658
1658
1658
1658
1658
1658
1658
1658
1658
1658
1658
1658
1658
1
1
1
1
1
1
1
1
1
1
1
1
1
1
1
1
1
1
1
1
1
1
1
1
1
1
1
1
1
1
1
1.000000286
1658
1658
1658
1658
1658
1658
1658
1658
1658
1658
1658
1658
1658
1658
1658
1658
1.000000194
1
1658
1658
1658
1658
1658
1658
1658
1658
1658
1658
1658
1658
1658
1658
1658
1658
1658
1658
1658
1658
1658
1658
1658
1658
1658
1658
1658
1658
1658
1658
1
1
1
1
1
1
1
1
1
1
1
1
1
1
1
1
1
1
1
1
1
1
1
1
1
1
1
1
1
1
1
1.000000088
1658
1658
1658
1658
1658
1658
1658
1658
1658
1658
1658
1658
1658
1658
1658
1657.999999
1.00000075
1.000000362
1658
1658
1658
1658
1658
1658
1658
1658
1658
1658
1658
1658
1658
1658
1658
1658
1658
1658
1658
1658
1658
1658
1658
1658
1658
1658
1658
1658
1658
1658
1
1
1
1
1
1
1
1
1
1
1
1
1
1
1
1
1
1
1
1
1
1
1
1
1
1
1
1
1
1
1
1
1
1658
1658
1658
1658
1658
1658
1658
1658
1658
1658
1658
1658
1658
1658
1
1
1
1658
1658
1658
1658
1658
1658
1658
1658
1658
1658
1658
1658
1658
1658
1658
1658
1658
1658
1658
1658
1658
1658
1658
1658
1658
1658
1658
1658
1658
1658
1
1
1
1
1
1
1
1
1
1
1
1
1
1
1
1
1
1
1
1
1
1
1
1
1
1
1
1
1
1
1
1
1
1.000000087
1.000000283
1658
1658
1658
1658
1658
1658
1658
1658
1658
1658
1.000000162
1.000000011
1
1
1
1658
1658
1658
1658
1658
1658
1658
1658
1658
1658
1658
1658
1658
1658
1658
1658
1658
1658
1658
1658
1658
1658
1658
1658
1658
1658
1658
1658
1658
1658
1
1
1
1
1
1
1
1
1
1
1
1
1
1
1
1
1
1
1
1
1
1
1
1
1
1
1
1
1
1
1
1
1
1
1
1
1.000000452
1658
1658
1658
1658
1658
1658
1.000000413
1
1
1
1
1
1
1658
1658
1658
1658
1658
1658
1658
1658
1658
1658
1658
1658
1658
1658
1658
1658
1658
1658
1658
1658
1658
1658
1658
1658
1658
1658
1658
1658
1658
1658
1
1
1
1
1
1
1
1
1
1
1
1
1
1
1
1
1
1
1
1
1
1
1
1
1
1
1
1
1
1
1
1
1
1
1
1
1
1
1
1.000000161
1.000000158
1
1
1
1
1
1
1
1
1
1658
1658
1658
1658
1658
1658
1658
1658
1658
1658
1658
1658
1658
1658
1658
1658
1658
1658
1658
1658
1658
1658
1658
1658
1658
1658
1658
1658
1658
1658
1
1
1
1
1
1
1
1
1
1
1
1
1
1
1
1
1
1
1
1
1
1
1
1
1
1
1
1
1
1
1
1
1
1
1
1
1
1
1
1
1
1
1
1
1
1
1
1
1
1
1658
1658
1658
1658
1658
1658
1658
1658
1658
1658
1658
1658
1658
1658
1658
1658
1658
1658
1658
1658
1658
1658
1658
1658
1658
1658
1658
1658
1658
1658
1
1
1
1
1
1
1
1
1
1
1
1
1
1
1
1
1
1
1
1
1
1
1
1
1
1
1
1
1
1
1
1
1
1
1
1
1
1
1
1
1
1
1
1
1
1
1
1
1
1
1658
1658
1658
1658
1658
1658
1658
1658
1658
1658
1658
1658
1658
1658
1658
1658
1658
1658
1658
1658
1658
1658
1658
1658
1658
1658
1658
1658
1658
1658
1
1
1
1
1
1
1
1
1
1
1
1
1
1
1
1
1
1
1
1
1
1
1
1
1
1
1
1
1
1
1
1
1
1
1
1
1
1
1
1.000000161
1.000000158
1
1
1
1
1
1
1
1
1
1658
1658
1658
1658
1658
1658
1658
1658
1658
1658
1658
1658
1658
1658
1658
1658
1658
1658
1658
1658
1658
1658
1658
1658
1658
1658
1658
1658
1658
1658
1
1
1
1
1
1
1
1
1
1
1
1
1
1
1
1
1
1
1
1
1
1
1
1
1
1
1
1
1
1
1
1
1
1
1
1
1.000000452
1658
1658
1658
1658
1658
1658
1.000000413
1
1
1
1
1
1
1658
1658
1658
1658
1658
1658
1658
1658
1658
1658
1658
1658
1658
1658
1658
1658
1658
1658
1658
1658
1658
1658
1658
1658
1658
1658
1658
1658
1658
1658
1
1
1
1
1
1
1
1
1
1
1
1
1
1
1
1
1
1
1
1
1
1
1
1
1
1
1
1
1
1
1
1
1
1.000000088
1.000000283
1658
1658
1658
1658
1658
1658
1658
1658
1658
1658
1.000000162
1.000000011
1
1
1
1658
1658
1658
1658
1658
1658
1658
1658
1658
1658
1658
1658
1658
1658
1658
1658
1658
1658
1658
1658
1658
1658
1658
1658
1658
1658
1658
1658
1658
1658
1
1
1
1
1
1
1
1
1
1
1
1
1
1
1
1
1
1
1
1
1
1
1
1
1
1
1
1
1
1
1
1
1
1658
1658
1658
1658
1658
1658
1658
1658
1658
1658
1658
1658
1658
1658
1
1
1
1658
1658
1658
1658
1658
1658
1658
1658
1658
1658
1658
1658
1658
1658
1658
1658
1658
1658
1658
1658
1658
1658
1658
1658
1658
1658
1658
1658
1658
1658
1
1
1
1
1
1
1
1
1
1
1
1
1
1
1
1
1
1
1
1
1
1
1
1
1
1
1
1
1
1
1
1.000000088
1658
1658
1658
1658
1658
1658
1658
1658
1658
1658
1658
1658
1658
1658
1658
1657.999999
1.000000749
1.000000361
1658
1658
1658
1658
1658
1658
1658
1658
1658
1658
1658
1658
1658
1658
1658
1658
1658
1658
1658
1658
1658
1658
1658
1658
1658
1658
1658
1658
1658
1658
1
1
1
1
1
1
1
1
1
1
1
1
1
1
1
1
1
1
1
1
1
1
1
1
1
1
1
1
1
1
1
1.000000286
1658
1658
1658
1658
1658
1658
1658
1658
1658
1658
1658
1658
1658
1658
1658
1658
1.000000194
1
1658
1658
1658
1658
1658
1658
1658
1658
1658
1658
1658
1658
1658
1658
1658
1658
1658
1658
1658
1658
1658
1658
1658
1658
1658
1658
1658
1658
1658
1658
1
1
1
1
1
1
1
1
1
1
1
1
1
1
1
1
1
1
1
1
1
1
1
1
1
1
1
1
1
1
1
1658
1658
1658
1658
1658
1658
1658
1658
1658
1658
1658
1658
1658
1658
1658
1658
1658
1658
1.000001418
1658
1658
1658
1658
1658
1658
1658
1658
1658
1658
1658
1658
1658
1658
1658
1658
1658
1658
1658
1658
1658
1658
1658
1658
1658
1658
1658
1658
1658
1658
1
1
1
1
1
1
1
1
1
1
1
1
1
1
1
1
1
1
1
1
1
1
1
1
1
1
1
1
1
1
1.000000461
1658
1658
1658
1658
1658
1658
1658
1658
1658
1658
1658
1658
1658
1658
1658
1658
1658
1658
1.000000018
1658
1658
1658
1658
1658
1658
1658
1658
1658
1658
1658
1658
1658
1658
1658
1658
1658
1658
1658
1658
1658
1658
1658
1658
1658
1658
1658
1658
1658
1658
1
1
1
1
1
1
1
1
1
1
1
1
1
1
1
1
1
1
1
1
1
1
1
1
1
1
1
1
1
1
1658
1658
1658
1658
1658
1658
1658
1658
1658
1658
1658
1658
1658
1658
1658
1658
1658
1658
1658
1658
1658
1658
1658
1658
1658
1658
1658
1658
1658
1658
1658
1658
1658
1658
1658
1658
1658
1658
1658
1658
1658
1658
1658
1658
1658
1658
1658
1658
1658
1658
1
1
1
1
1
1
1
1
1
1
1
1
1
1
1
1
1
1
1
1
1
1
1
1
1
1
1
1
1
1
1658
1658
1658
1658
1658
1658
1658
1658
1658
1658
1658
1658
1658
1658
1658
1658
1658
1658
1658
1658
1658
1658
1658
1658
1658
1658
1658
1658
1658
1658
1658
1658
1658
1658
1658
1658
1658
1658
1658
1658
1658
1658
1658
1658
1658
1658
1658
1658
1658
1658
1
1
1
1
1
1
1
1
1
1
1
1
1
1
1
1
1
1
1
1
1
1
1
1
1
1
1
1
1
1.000000171
1658
1658
1658
1658
1658
1658
1658
1658
1658
1658
1658
1658
1658
1658
1658
1658
1658
1658
1658
1658
1658
1658
1658
1658
1658
1658
1658
1658
1658
1658
1658
1658
1658
1658
1658
1658
1658
1658
1658
1658
1658
1658
1658
1658
1658
1658
1658
1658
1658
1658
1
1
1
1
1
1
1
1
1
1
1
1
1
1
1
1
1
1
1
1
1
1
1
1
1
1
1
1
1
1.000000171
1658
1658
1658
1658
1658
1658
1658
1658
1658
1658
1658
1658
1658
1658
1658
1658
1658
1658
1658
1658
1658
1658
1658
1658
1658
1658
1658
1658
1658
1658
1658
1658
1658
1658
1658
1658
1658
1658
1658
1658
1658
1658
1658
1658
1658
1658
1658
1658
1658
1658
1
1
1
1
1
1
1
1
1
1
1
1
1
1
1
1
1
1
1
1
1
1
1
1
1
1
1
1
1
1
1658
1658
1658
1658
1658
1658
1658
1658
1658
1658
1658
1658
1658
1658
1658
1658
1658
1658
1658
1658
1658
1658
1658
1658
1658
1658
1658
1658
1658
1658
1658
1658
1658
1658
1658
1658
1658
1658
1658
1658
1658
1658
1658
1658
1658
1658
1658
1658
1658
1658
1
1
1
1
1
1
1
1
1
1
1
1
1
1
1
1
1
1
1
1
1
1
1
1
1
1
1
1
1
1
1658
1658
1658
1658
1658
1658
1658
1658
1658
1658
1658
1658
1658
1658
1658
1658
1658
1658
1658
1658
1658
1658
1658
1658
1658
1658
1658
1658
1658
1658
1658
1658
1658
1658
1658
1658
1658
1658
1658
1658
1658
1658
1658
1658
1658
1658
1658
1658
1658
1658
1
1
1
1
1
1
1
1
1
1
1
1
1
1
1
1
1
1
1
1
1
1
1
1
1
1
1
1
1
1
1.000000461
1658
1658
1658
1658
1658
1658
1658
1658
1658
1658
1658
1658
1658
1658
1658
1658
1658
1658
1.00000002
1658
1658
1658
1658
1658
1658
1658
1658
1658
1658
1658
1658
1658
1658
1658
1658
1658
1658
1658
1658
1658
1658
1658
1658
1658
1658
1658
1658
1658
1658
1
1
1
1
1
1
1
1
1
1
1
1
1
1
1
1
1
1
1
1
1
1
1
1
1
1
1
1
1
1
1
1658
1658
1658
1658
1658
1658
1658
1658
1658
1658
1658
1658
1658
1658
1658
1658
1658
1658
1.000001419
1658
1658
1658
1658
1658
1658
1658
1658
1658
1658
1658
1658
1658
1658
1658
1658
1658
1658
1658
1658
1658
1658
1658
1658
1658
1658
1658
1658
1658
1658
1
1
1
1
1
1
1
1
1
1
1
1
1
1
1
1
1
1
1
1
1
1
1
1
1
1
1
1
1
1
1
1.000000286
1658
1658
1658
1658
1658
1658
1658
1658
1658
1658
1658
1658
1658
1658
1658
1658
1.000000193
1
1658
1658
1658
1658
1658
1658
1658
1658
1658
1658
1658
1658
1658
1658
1658
1658
1658
1658
1658
1658
1658
1658
1658
1658
1658
1658
1658
1658
1658
1658
1
1
1
1
1
1
1
1
1
1
1
1
1
1
1
1
1
1
1
1
1
1
1
1
1
1
1
1
1
1
1
1.000000088
1658
1658
1658
1658
1658
1658
1658
1658
1658
1658
1658
1658
1658
1658
1658
1657.999999
1.00000075
1.000000366
1658
1658
1658
1658
1658
1658
1658
1658
1658
1658
1658
1658
1658
1658
1658
1658
1658
1658
1658
1658
1658
1658
1658
1658
1658
1658
1658
1658
1658
1658
1
1
1
1
1
1
1
1
1
1
1
1
1
1
1
1
1
1
1
1
1
1
1
1
1
1
1
1
1
1
1
1
1
1658
1658
1658
1658
1658
1658
1658
1658
1658
1658
1658
1658
1658
1658
1
1
1
1658
1658
1658
1658
1658
1658
1658
1658
1658
1658
1658
1658
1658
1658
1658
1658
1658
1658
1658
1658
1658
1658
1658
1658
1658
1658
1658
1658
1658
1658
1
1
1
1
1
1
1
1
1
1
1
1
1
1
1
1
1
1
1
1
1
1
1
1
1
1
1
1
1
1
1
1
1
1.000000087
1.000000283
1658
1658
1658
1658
1658
1658
1658
1658
1658
1658
1.000000162
1.000000011
1
1
1
1658
1658
1658
1658
1658
1658
1658
1658
1658
1658
1658
1658
1658
1658
1658
1658
1658
1658
1658
1658
1658
1658
1658
1658
1658
1658
1658
1658
1658
1658
1
1
1
1
1
1
1
1
1
1
1
1
1
1
1
1
1
1
1
1
1
1
1
1
1
1
1
1
1
1
1
1
1
1
1
1
1.000000452
1658
1658
1658
1658
1658
1658
1.000000414
1
1
1
1
1
1
1658
1658
1658
1658
1658
1658
1658
1658
1658
1658
1658
1658
1658
1658
1658
1658
1658
1658
1658
1658
1658
1658
1658
1658
1658
1658
1658
1658
1658
1658
1
1
1
1
1
1
1
1
1
1
1
1
1
1
1
1
1
1
1
1
1
1
1
1
1
1
1
1
1
1
1
1
1
1
1
1
1
1
1
1.00000016
1.000000158
1
1
1
1
1
1
1
1
1
1658
1658
1658
1658
1658
1658
1658
1658
1658
1658
1658
1658
1658
1658
1658
1658
1658
1658
1658
1658
1658
1658
1658
1658
1658
1658
1658
1658
1658
1658
1
1
1
1
1
1
1
1
1
1
1
1
1
1
1
1
1
1
1
1
1
1
1
1
1
1
1
1
1
1
1
1
1
1
1
1
1
1
1
1
1
1
1
1
1
1
1
1
1
1
1658
1658
1658
1658
1658
1658
1658
1658
1658
1658
1658
1658
1658
1658
1658
1658
1658
1658
1658
1658
1658
1658
1658
1658
1658
1658
1658
1658
1658
1658
1
1
1
1
1
1
1
1
1
1
1
1
1
1
1
1
1
1
1
1
1
1
1
1
1
1
1
1
1
1
1
1
1
1
1
1
1
1
1
1
1
1
1
1
1
1
1
1
1
1
1658
1658
1658
1658
1658
1658
1658
1658
1658
1658
1658
1658
1658
1658
1658
1658
1658
1658
1658
1658
1658
1658
1658
1658
1658
1658
1658
1658
1658
1658
1
1
1
1
1
1
1
1
1
1
1
1
1
1
1
1
1
1
1
1
1
1
1
1
1
1
1
1
1
1
1
1
1
1
1
1
1
1
1
1
1
1
1
1
1
1
1
1
1
1
1658
1658
1658
1658
1658
1658
1658
1658
1658
1658
1658
1658
1658
1658
1658
1658
1658
1658
1658
1658
1658
1658
1658
1658
1658
1658
1658
1658
1658
1658
1
1
1
1
1
1
1
1
1
1
1
1
1
1
1
1
1
1
1
1
1
1
1
1
1
1
1
1
1
1
1
1
1
1
1
1
1
1
1
1
1
1
1
1
1
1
1
1
1
1
1658
1658
1658
1658
1658
1658
1658
1658
1658
1658
1658
1658
1658
1658
1658
1658
1658
1658
1658
1658
1658
1658
1658
1658
1658
1658
1658
1658
1658
1658
1
1
1
1
1
1
1
1
1
1
1
1
1
1
1
1
1
1
1
1
1
1
1
1
1
1
1
1
1.000000102
1.000000054
1.000000054
1.000000101
1
1
1
1
1
1
1
1
1
1
1
1
1
1
1
1
1
1
1658
1658
1658
1658
1658
1658
1658
1658
1658
1658
1658
1658
1658
1658
1658
1658
1658
1658
1658
1658
1658
1658
1658
1658
1658
1658
1658
1658
1658
1658
1
1
1
1
1
1
1
1
1
1
1
1
1
1
1
1
1
1
1
1
1
1
1
1
1.00000044
1.000000738
1658
1658
1658
1658
1658
1658
1658
1658
1.000000733
1.000000434
1
1
1
1
1
1
1
1
1
1
1
1
1
1
1658
1658
1658
1658
1658
1658
1658
1658
1658
1658
1658
1658
1658
1658
1658
1658
1658
1658
1658
1658
1658
1658
1658
1658
1658
1658
1658
1658
1658
1658
1
1
1
1
1
1
1
1
1
1
1
1
1
1
1
1
1
1
1
1
1.000000055
1.000000419
1658
1658
1658
1658
1658
1658
1658
1658
1658
1658
1658
1658
1658
1658
1658
1658
1.000000411
1.000000046
1
1
1
1
1
1
1
1
1
1
1658
1658
1658
1658
1658
1658
1658
1658
1658
1658
1658
1658
1658
1658
1658
1658
1658
1658
1658
1658
1658
1658
1658
1658
1658
1658
1658
1658
1658
1658
1
1
1
1
1
1
1
1
1
1
1
1
1
1
1
1
1
1
1
1
1658
1658
1658
1658
1658
1658
1658
1658
1658
1658
1658
1658
1658
1658
1658
1658
1658
1658
1658
1658
1
1
1
1
1
1
1
1
1
1
1658
1658
1658
1658
1658
1658
1658
1658
1658
1658
1658
1658
1658
1658
1658
1658
1658
1658
1658
1658
1658
1658
1658
1658
1658
1658
1658
1658
1658
1658
1
1
1
1
1
1
1
1
1
1
1
1
1
1
1
1
1
1.000000061
1.000000544
1658
1658
1658
1658
1658
1658
1658
1658
1658
1658
1658
1658
1658
1658
1658
1658
1658
1658
1658
1658
1658
1658
1.000000524
1.000000046
1
1
1
1
1
1
1
1658
1658
1658
1658
1658
1658
1658
1658
1658
1658
1658
1658
1658
1658
1658
1658
1658
1658
1658
1658
1658
1658
1658
1658
1658
1658
1658
1658
1658
1658
1
1
1
1
1
1
1
1
1
1
1
1
1
1
1
1
1
1658
1658
1658
1658
1658
1658
1658
1658
1658
1658
1658
1658
1658
1658
1658
1658
1658
1658
1658
1658
1658
1658
1658
1658
1658
1658
1
1
1
1
1
1
1
1658
1658
1658
1658
1658
1658
1658
1658
1658
1658
1658
1658
1658
1658
1658
1658
1658
1658
1658
1658
1658
1658
1658
1658
1658
1658
1658
1658
1658
1658
1
1
1
1
1
1
1
1
1
1
1
1
1
1
1
1.000000067
1658
1658
1658
1658
1658
1658
1658
1658
1658
1658
1658
1658
1658
1658
1658
1658
1658
1658
1658
1658
1658
1658
1658
1658
1658
1658
1658
1658
1.000000022
1
1
1
1
1
1658
1658
1658
1658
1658
1658
1658
1658
1658
1658
1658
1658
1658
1658
1658
1658
1658
1658
1658
1658
1658
1658
1658
1658
1658
1658
1658
1658
1658
1658
1
1
1
1
1
1
1
1
1
1
1
1
1
1
1
1658
1658
1658
1658
1658
1658
1658
1658
1658
1658
1658
1658
1658
1658
1658
1658
1658
1658
1658
1658
1658
1658
1658
1658
1658
1658
1658
1658
1658
1658
1
1
1
1
1
1658
1658
1658
1658
1658
1658
1658
1658
1658
1658
1658
1658
1658
1658
1658
1658
1658
1658
1658
1658
1658
1658
1658
1658
1658
1658
1658
1658
1658
1658
1
1
1
1
1
1
1
1
1
1
1
1
1
1.000000041
1658
1658
1658
1658
1658
1658
1658
1658
1658
1658
1658
1658
1658
1658
1658
1658
1658
1658
1658
1658
1658
1658
1658
1658
1658
1658
1658
1658
1658
1658
1658
1658
1.000000031
1
1
1
1658
1658
1658
1658
1658
1658
1658
1658
1658
1658
1658
1658
1658
1658
1658
1658
1658
1658
1658
1658
1658
1658
1658
1658
1658
1658
1658
1658
1658
1658
1
1
1
1
1
1
1
1
1
1
1
1
1
1.000000581
1658
1658
1658
1658
1658
1658
1658
1658
1658
1658
1658
1658
1658
1658
1658
1658
1658
1658
1658
1658
1658
1658
1658
1658
1658
1658
1658
1658
1658
1658
1658
1658
1.000000381
1
1
1
1658
1658
1658
1658
1658
1658
1658
1658
1658
1658
1658
1658
1658
1658
1658
1658
1658
1658
1658
1658
1658
1658
1658
1658
1658
1658
1658
1658
1658
1658
1
1
1
1
1
1
1
1
1
1
1
1
1
1658
1658
1658
1658
1658
1658
1658
1658
1658
1658
1658
1658
1658
1658
1658
1658
1658
1658
1658
1658
1658
1658
1658
1658
1658
1658
1658
1658
1658
1658
1658
1658
1658
1658
1
1
1
1658
1658
1658
1658
1658
1658
1658
1658
1658
1658
1658
1658
1658
1658
1658
1658
1658
1658
1658
1658
1658
1658
1658
1658
1658
1658
1658
1658
1658
1658
1
1
1
1
1
1
1
1
1
1
1
1.000000028
1658
1658
1658
1658
1658
1658
1658
1658
1658
1658
1658
1658
1658
1658
1658
1658
1658
1658
1658
1658
1658
1658
1658
1658
1658
1658
1658
1658
1658
1658
1658
1658
1658
1658
1658
1657.999999
1.000000702
1.000000398
1658
1658
1658
1658
1658
1658
1658
1658
1658
1658
1658
1658
1658
1658
1658
1658
1658
1658
1658
1658
1658
1658
1658
1658
1658
1658
1658
1658
1658
1658
1
1
1
1
1
1
1
1
1
1
1
1.000000458
1658
1658
1658
1658
1658
1658
1658
1658
1658
1658
1658
1658
1658
1658
1658
1658
1658
1658
1658
1658
1658
1658
1658
1658
1658
1658
1658
1658
1658
1658
1658
1658
1658
1658
1658
1658
1.000000288
1
1658
1658
1658
1658
1658
1658
1658
1658
1658
1658
1658
1658
1658
1658
1658
1658
1658
1658
1658
1658
1658
1658
1658
1658
1658
1658
1658
1658
1658
1658
1
1
1
1
1
1
1
1
1
1
1
1658
1658
1658
1658
1658
1658
1658
1658
1658
1658
1658
1658
1658
1658
1658
1658
1658
1658
1658
1658
1658
1658
1658
1658
1658
1658
1658
1658
1658
1658
1658
1658
1658
1658
1658
1658
1658
1658
1.000000192
1658
1658
1658
1658
1658
1658
1658
1658
1658
1658
1658
1658
1658
1658
1658
1658
1658
1658
1658
1658
1658
1658
1658
1658
1658
1658
1658
1658
1658
1658
1
1
1
1
1
1
1
1
1
1
1
1658
1658
1658
1658
1658
1658
1658
1658
1658
1658
1658
1658
1658
1658
1658
1658
1658
1658
1658
1658
1658
1658
1658
1658
1658
1658
1658
1658
1658
1658
1658
1658
1658
1658
1658
1658
1658
1658
1.000000057
1658
1658
1658
1658
1658
1658
1658
1658
1658
1658
1658
1658
1658
1658
1658
1658
1658
1658
1658
1658
1658
1658
1658
1658
1658
1658
1658
1658
1658
1658
1
1
1
1
1
1
1
1
1
1
1.000000443
1658
1658
1658
1658
1658
1658
1658
1658
1658
1658
1658
1658
1658
1658
1658
1658
1658
1658
1658
1658
1658
1658
1658
1658
1658
1658
1658
1658
1658
1658
1658
1658
1658
1658
1658
1658
1658
1658
1.000001361
1658
1658
1658
1658
1658
1658
1658
1658
1658
1658
1658
1658
1658
1658
1658
1658
1658
1658
1658
1658
1658
1658
1658
1658
1658
1658
1658
1658
1658
1658
1
1
1
1
1
1
1
1
1
1
1.0000008
1658
1658
1658
1658
1658
1658
1658
1658
1658
1658
1658
1658
1658
1658
1658
1658
1658
1658
1658
1658
1658
1658
1658
1658
1658
1658
1658
1658
1658
1658
1658
1658
1658
1658
1658
1658
1658
1658
1
1658
1658
1658
1658
1658
1658
1658
1658
1658
1658
1658
1658
1658
1658
1658
1658
1658
1658
1658
1658
1658
1658
1658
1658
1658
1658
1658
1658
1658
1658
1
1
1
1
1
1
1
1
1
1
1658
1658
1658
1658
1658
1658
1658
1658
1658
1658
1658
1658
1658
1658
1658
1658
1658
1658
1658
1658
1658
1658
1658
1658
1658
1658
1658
1658
1658
1658
1658
1658
1658
1658
1658
1658
1658
1658
1658
1658
1658
1658
1658
1658
1658
1658
1658
1658
1658
1658
1658
1658
1658
1658
1658
1658
1658
1658
1658
1658
1658
1658
1658
1658
1658
1658
1658
1658
1658
1658
1
1
1
1
1
1
1
1
1
1
1658
1658
1658
1658
1658
1658
1658
1658
1658
1658
1658
1658
1658
1658
1658
1658
1658
1658
1658
1658
1658
1658
1658
1658
1658
1658
1658
1658
1658
1658
1658
1658
1658
1658
1658
1658
1658
1658
1658
1658
1658
1658
1658
1658
1658
1658
1658
1658
1658
1658
1658
1658
1658
1658
1658
1658
1658
1658
1658
1658
1658
1658
1658
1658
1658
1658
1658
1658
1658
1658
1
1
1
1
1
1
1
1
1
1.000000112
1658
1658
1658
1658
1658
1658
1658
1658
1658
1658
1658
1658
1658
1658
1658
1658
1658
1658
1658
1658
1658
1658
1658
1658
1658
1658
1658
1658
1658
1658
1658
1658
1658
1658
1658
1658
1658
1658
1658
1658
1658
1658
1658
1658
1658
1658
1658
1658
1658
1658
1658
1658
1658
1658
1658
1658
1658
1658
1658
1658
1658
1658
1658
1658
1658
1658
1658
1658
1658
1658
1
1
1
1
1
1
1
1
1
1.000000064
1658
1658
1658
1658
1658
1658
1658
1658
1658
1658
1658
1658
1658
1658
1658
1658
1658
1658
1658
1658
1658
1658
1658
1658
1658
1658
1658
1658
1658
1658
1658
1658
1658
1658
1658
1658
1658
1658
1658
1658
1658
1658
1658
1658
1658
1658
1658
1658
1658
1658
1658
1658
1658
1658
1658
1658
1658
1658
1658
1658
1658
1658
1658
1658
1658
1658
1658
1658
1658
1658
1
1
1
1
1
1
1
1
1
1.000000061
1658
1658
1658
1658
1658
1658
1658
1658
1658
1658
1658
1658
1658
1658
1658
1658
1658
1658
1658
1658
1658
1658
1658
1658
1658
1658
1658
1658
1658
1658
1658
1658
1658
1658
1658
1658
1658
1658
1658
1658
1658
1658
1658
1658
1658
1658
1658
1658
1658
1658
1658
1658
1658
1658
1658
1658
1658
1658
1658
1658
1658
1658
1658
1658
1658
1658
1658
1658
1658
1658
1
1
1
1
1
1
1
1
1
1.000000102
1658
1658
1658
1658
1658
1658
1658
1658
1658
1658
1658
1658
1658
1658
1658
1658
1658
1658
1658
1658
1658
1658
1658
1658
1658
1658
1658
1658
1658
1658
1658
1658
1658
1658
1658
1658
1658
1658
1658
1658
1658
1658
1658
1658
1658
1658
1658
1658
1658
1658
1658
1658
1658
1658
1658
1658
1658
1658
1658
1658
1658
1658
1658
1658
1658
1658
1658
1658
1658
1658
1
1
1
1
1
1
1
1
1
1
1658
1658
1658
1658
1658
1658
1658
1658
1658
1658
1658
1658
1658
1658
1658
1658
1658
1658
1658
1658
1658
1658
1658
1658
1658
1658
1658
1658
1658
1658
1658
1658
1658
1658
1658
1658
1658
1658
1658
1658
1658
1658
1658
1658
1658
1658
1658
1658
1658
1658
1658
1658
1658
1658
1658
1658
1658
1658
1658
1658
1658
1658
1658
1658
1658
1658
1658
1658
1658
1658
1
1
1
1
1
1
1
1
1
1
1658
1658
1658
1658
1658
1658
1658
1658
1658
1658
1658
1658
1658
1658
1658
1658
1658
1658
1658
1658
1658
1658
1658
1658
1658
1658
1658
1658
1658
1658
1658
1658
1658
1658
1658
1658
1658
1658
1658
1658
1658
1658
1658
1658
1658
1658
1658
1658
1658
1658
1658
1658
1658
1658
1658
1658
1658
1658
1658
1658
1658
1658
1658
1658
1658
1658
1658
1658
1658
1658
1
1
1
1
1
1
1
1
1
1
1.000000771
1658
1658
1658
1658
1658
1658
1658
1658
1658
1658
1658
1658
1658
1658
1658
1658
1658
1658
1658
1658
1658
1658
1658
1658
1658
1658
1658
1658
1658
1658
1658
1658
1658
1658
1658
1658
1658
1658
1
1658
1658
1658
1658
1658
1658
1658
1658
1658
1658
1658
1658
1658
1658
1658
1658
1658
1658
1658
1658
1658
1658
1658
1658
1658
1658
1658
1658
1658
1658
1
1
1
1
1
1
1
1
1
1
1.00000042
1658
1658
1658
1658
1658
1658
1658
1658
1658
1658
1658
1658
1658
1658
1658
1658
1658
1658
1658
1658
1658
1658
1658
1658
1658
1658
1658
1658
1658
1658
1658
1658
1658
1658
1658
1658
1658
1658
1.00000136
1658
1658
1658
1658
1658
1658
1658
1658
1658
1658
1658
1658
1658
1658
1658
1658
1658
1658
1658
1658
1658
1658
1658
1658
1658
1658
1658
1658
1658
1658
1
1
1
1
1
1
1
1
1
1
1
1658
1658
1658
1658
1658
1658
1658
1658
1658
1658
1658
1658
1658
1658
1658
1658
1658
1658
1658
1658
1658
1658
1658
1658
1658
1658
1658
1658
1658
1658
1658
1658
1658
1658
1658
1658
1658
1658
1.000000057
1658
1658
1658
1658
1658
1658
1658
1658
1658
1658
1658
1658
1658
1658
1658
1658
1658
1658
1658
1658
1658
1658
1658
1658
1658
1658
1658
1658
1658
1658
1
1
1
1
1
1
1
1
1
1
1.000178934
1657.99982
1658
1658
1658
1658
1658
1658
1658
1658
1658
1658
1658
1658
1658
1658
1658
1658
1658
1658
1658
1658
1658
1658
1658
1658
1658
1658
1658
1658
1658
1658
1658
1658
1658
1658
1658
1658
1658
1.000000191
1658
1658
1658
1658
1658
1658
1658
1658
1658
1658
1658
1658
1658
1658
1658
1658
1658
1658
1658
1658
1658
1658
1658
1658
1658
1658
1658
1658
1658
1658
1
1
1
1
1
1
1
1
1
1
1.000000399
1.000000494
1658
1658
1658
1658
1658
1658
1658
1658
1658
1658
1658
1658
1658
1658
1658
1658
1658
1658
1658
1658
1658
1658
1658
1658
1658
1658
1658
1658
1658
1658
1658
1658
1658
1658
1658
1658
1.000000282
1
1658
1658
1658
1658
1658
1658
1658
1658
1658
1658
1658
1658
1658
1658
1658
1658
1658
1658
1658
1658
1658
1658
1658
1658
1658
1658
1658
1658
1658
1658
1
1
1
1
1
1
1
1
1
1
1
1.000000025
1658
1658
1658
1658
1658
1658
1658
1658
1658
1658
1658
1658
1658
1658
1658
1658
1658
1658
1658
1658
1658
1658
1658
1658
1658
1658
1658
1658
1658
1658
1658
1658
1658
1658
1658
1657.999999
1.000000698
1.000000394
1658
1658
1658
1658
1658
1658
1658
1658
1658
1658
1658
1658
1658
1658
1658
1658
1658
1658
1658
1658
1658
1658
1658
1658
1658
1658
1658
1658
1658
1658
1
1
1
1
1
1
1
1
1
1
1
1
1
1658
1658
1658
1658
1658
1658
1658
1658
1658
1658
1658
1658
1658
1658
1658
1658
1658
1658
1658
1658
1658
1658
1658
1658
1658
1658
1658
1658
1658
1658
1658
1658
1658
1658
1
1
1
1658
1658
1658
1658
1658
1658
1658
1658
1658
1658
1658
1658
1658
1658
1658
1658
1658
1658
1658
1658
1658
1658
1658
1658
1658
1658
1658
1658
1658
1658
1
1
1
1
1
1
1
1
1
1
1
1
1
1.000000601
1658
1658
1658
1658
1658
1658
1658
1658
1658
1658
1658
1658
1658
1658
1658
1658
1658
1658
1658
1658
1658
1658
1658
1658
1658
1658
1658
1658
1658
1658
1658
1658
1.00000036
1
1
1
1658
1658
1658
1658
1658
1658
1658
1658
1658
1658
1658
1658
1658
1658
1658
1658
1658
1658
1658
1658
1658
1658
1658
1658
1658
1658
1658
1658
1658
1658
1
1
1
1
1
1
1
1
1
1
1
1
1
1.000000026
1658
1658
1658
1658
1658
1658
1658
1658
1658
1658
1658
1658
1658
1658
1658
1658
1658
1658
1658
1658
1658
1658
1658
1658
1658
1658
1658
1658
1658
1658
1658
1658
1.000000026
1
1
1
1658
1658
1658
1658
1658
1658
1658
1658
1658
1658
1658
1658
1658
1658
1658
1658
1658
1658
1658
1658
1658
1658
1658
1658
1658
1658
1658
1658
1658
1658
1
1
1
1
1
1
1
1
1
1
1
1
1
1
1
1658
1658
1658
1658
1658
1658
1658
1658
1658
1658
1658
1658
1658
1658
1658
1658
1658
1658
1658
1658
1658
1658
1658
1658
1658
1658
1658
1658
1658
1658
1
1
1
1
1
1658
1658
1658
1658
1658
1658
1658
1658
1658
1658
1658
1658
1658
1658
1658
1658
1658
1658
1658
1658
1658
1658
1658
1658
1658
1658
1658
1658
1658
1658
1
1
1
1
1
1
1
1
1
1
1
1
1
1
1
1.000000078
1658
1658
1658
1658
1658
1658
1658
1658
1658
1658
1658
1658
1658
1658
1658
1658
1658
1658
1658
1658
1658
1658
1658
1658
1658
1658
1658
1658
1
1
1
1
1
1
1658
1658
1658
1658
1658
1658
1658
1658
1658
1658
1658
1658
1658
1658
1658
1658
1658
1658
1658
1658
1658
1658
1658
1658
1658
1658
1658
1658
1658
1658
1
1
1
1
1
1
1
1
1
1
1
1
1
1
1
1
1
1658
1658
1658
1658
1658
1658
1658
1658
1658
1658
1658
1658
1658
1658
1658
1658
1658
1658
1658
1658
1658
1658
1658
1658
1658
1658
1
1
1
1
1
1
1
1658
1658
1658
1658
1658
1658
1658
1658
1658
1658
1658
1658
1658
1658
1658
1658
1658
1658
1658
1658
1658
1658
1658
1658
1658
1658
1658
1658
1658
1658
1
1
1
1
1
1
1
1
1
1
1
1
1
1
1
1
1
1.000000026
1.000000521
1658
1658
1658
1658
1658
1658
1658
1658
1658
1658
1658
1658
1658
1658
1658
1658
1658
1658
1658
1658
1658
1658
1.000000367
1.000000021
1
1
1
1
1
1
1
1658
1658
1658
1658
1658
1658
1658
1658
1658
1658
1658
1658
1658
1658
1658
1658
1658
1658
1658
1658
1658
1658
1658
1658
1658
1658
1658
1658
1658
1658
1
1
1
1
1
1
1
1
1
1
1
1
1
1
1
1
1
1
1.000000009
1.000000474
1658
1658
1658
1658
1658
1658
1658
1658
1658
1658
1658
1658
1658
1658
1658
1658
1658
1658
1658
1657.999999
1
1
1
1
1
1
1
1
1
1
1658
1658
1658
1658
1658
1658
1658
1658
1658
1658
1658
1658
1658
1658
1658
1658
1658
1658
1658
1658
1658
1658
1658
1658
1658
1658
1658
1658
1658
1658
1
1
1
1
1
1
1
1
1
1
1
1
1
1
1
1
1.000000001
1.000000245
1.000000978
1.000009844
1.000364478
1.000000454
1658
1658
1658
1658
1658
1658
1658
1658
1658
1658
1658
1658
1658
1658
1658
1658
1.000000363
1.000000673
1
1
1
1
1
1
1
1
1
1
1658
1658
1658
1658
1658
1658
1658
1658
1658
1658
1658
1658
1658
1658
1658
1658
1658
1658
1658
1658
1658
1658
1658
1658
1658
1658
1658
1658
1658
1658
1
1
1
1
1
1
1
1
1
1
1
1
1
1
1
1
1.00000004
1.000045514
1.00106092
1.001564638
1.000364369
1.012125363
1.416497914
1.000000646
1.000000886
1.000001142
1658
1658
1658
1658
1658
1658
1657.999999
1658
1.000000128
1.000000758
1
1.00000049
1
1.000000566
1
1
1
1
1
1
1
1
1
1
1658
1658
1658
1658
1658
1658
1658
1658
1658
1658
1658
1658
1658
1658
1658
1658
1658
1658
1658
1658
1658
1658
1658
1658
1658
1658
1658
1658
1658
1658
1
1
1
1
1
1
1
1
1
1
1
1
1
1
1.000000001
1.000000067
1.000004115
1.000433335
1.255083274
3.374076593
6.925387444
8.93936054
8.899607159
8.789321745
5.324650228
1.993242298
3.728816568
1.000007882
1.000015096
1.000037393
1.000096168
1.00005407
1.000001723
1.000000297
1
1.000000623
1.000000351
1658
1658
1658
1658
1658
1658
1.000000331
1
1
1
1
1
1
1658
1658
1658
1658
1658
1658
1658
1658
1658
1658
1658
1658
1658
1658
1658
1658
1658
1658
1658
1658
1658
1658
1658
1658
1658
1658
1658
1658
1658
1658
1
1
1
1
1
1
1
1
1
1
1
1
1
1.000000001
1.000000137
1.000008606
1.000359911
1.025816366
11.83847145
21.63999329
21.63999329
7.771742006
1.015659265
1.015894285
1.01953605
1.099989604
1.327438198
0.9999725339
104.392507
296.4659831
321.7126197
324.7227164
306.9783841
1.000149697
1.000000047
1658
1658
1658
1658
1658
1658
1658
1658
1658
1658
1.000000127
1
1
1
1
1658
1658
1658
1658
1658
1658
1658
1658
1658
1658
1658
1658
1658
1658
1658
1658
1658
1658
1658
1658
1658
1658
1658
1658
1658
1658
1658
1658
1658
1658
1
1
1
1
1
1
1
1
1
1
1
1
1
1.000000004
1.000000477
1.00003176
1.001252992
1.027179302
7.025415741
21.64060608
21.6251292
7.087869151
1.015894285
1.015659265
1.016600423
1.06145549
2.197867967
2.576475658
1.042044779
1.050970793
1.49100118
55.21520513
880.010098
1658
1658
1658
1658
1658
1658
1658
1658
1658
1658
1658
1658
1658
1658
1
1
1
1658
1658
1658
1658
1658
1658
1658
1658
1658
1658
1658
1658
1658
1658
1658
1658
1658
1658
1658
1658
1658
1658
1658
1658
1658
1658
1658
1658
1658
1658
1
1
1
1
1
1
1
1
1
1
1
1
1
1
1.000000037
1.000005941
1.000490612
1.017250627
1.329592092
8.697810657
20.84837862
18.2142765
2.621638502
1.016600423
1.017686977
1.000815646
1.000521396
1.000321353
1.000008274
1.000003257
1.050970792
367.3945017
1488.821644
1657.999991
1658
1658
1658
1658
1658
1658
1658
1658
1658
1658
1658
1658
1658
1657.999999
1.000000744
1.000000362
1658
1658
1658
1658
1658
1658
1658
1658
1658
1658
1658
1658
1658
1658
1658
1658
1658
1658
1658
1658
1658
1658
1658
1658
1658
1658
1658
1658
1658
1658
1
1
1
1
1
1
1
1
1
1
1
1
1
1
1
1.000000004
1.000004209
1.000706938
1.002367727
1.019876491
5.871881528
14.2807536
11.89289053
4.551039426
2.774705671
1.860446344
1.000306318
1.000226159
1.000004221
1.000002913
1.000003256
542.2480563
1566.394015
1657.999984
1658
1658
1658
1658
1658
1658
1658
1658
1658
1658
1658
1658
1658
1658
1.000000185
1
1658
1658
1658
1658
1658
1658
1658
1658
1658
1658
1658
1658
1658
1658
1658
1658
1658
1658
1658
1658
1658
1658
1658
1658
1658
1658
1658
1658
1658
1658
1
1
1
1
1
1
1
1
1
1
1
1
1
1
1
1
1.000000021
1.000002128
1.00009764
1.000641043
1.099491121
2.483290527
5.34940637
5.54561419
5.54561419
4.258388136
1.050094957
1.000086665
1.000002069
1.000000767
1.000002543
993.9151649
1628.798113
1658.000053
1658
1658
1658
1658
1658
1658
1658
1658
1658
1658
1658
1658
1658
1658
1658
1.000001405
1658
1658
1658
1658
1658
1658
1658
1658
1658
1658
1658
1658
1658
1658
1658
1658
1658
1658
1658
1658
1658
1658
1658
1658
1658
1658
1658
1658
1658
1658
1
1
1
1
1
1
1
1
1
1
1
1
1
1
1
1
1.000000001
1.000000079
1.000004121
1.000030136
1.000302077
1.000853895
1.000620299
2.171072042
3.452342678
2.019439189
1.002967137
1.000000054
1.000000003
1.000000001
14.48741339
1382.708247
1658
1658
1657.999976
1658
1658
1658
1658
1658
1658
1658
1658
1658
1658
1658
1658
1658
1658
1.00000002
1658
1658
1658
1658
1658
1658
1658
1658
1658
1658
1658
1658
1658
1658
1658
1658
1658
1658
1658
1658
1658
1658
1658
1658
1658
1658
1658
1658
1658
1658
1
1
1
1
1
1
1
1
1
1
1
1
1
1
1
1
1
1.000000005
1.000000227
1.000001748
1.000014508
1.000024338
1.000044321
1.000011105
1.000007395
1.000000829
1.000000054
1.000000003
1
1.000000001
306.5945537
1594.539115
1657.999991
1657.999908
1657.999932
1658
1658
1658
1658
1658
1658
1658
1658
1658
1658
1658
1658
1658
1658
1658
1658
1658
1658
1658
1658
1658
1658
1658
1658
1658
1658
1658
1658
1658
1658
1658
1658
1658
1658
1658
1658
1658
1658
1658
1658
1658
1658
1658
1658
1658
1
1
1
1
1
1
1
1
1
1
1
1
1
1
1
1
1
1
1.000000008
1.000000061
1.00000063
1.000001276
1.000007421
1.000004633
1.000152697
1.000150527
1.000016296
1.000000022
1
1
517.5166912
1606.524419
1657.998911
1657.999826
1657.999917
1658
1658
1658
1658
1658
1658
1658
1658
1658
1658
1658
1658
1658
1658
1658
1658
1658
1658
1658
1658
1658
1658
1658
1658
1658
1658
1658
1658
1658
1658
1658
1658
1658
1658
1658
1658
1658
1658
1658
1658
1658
1658
1658
1658
1658
1
1
1
1
1
1
1
1
1
1
1
1
1
1
1
1
1
1
1
1.000000002
1.000000017
1.000000029
1.000000285
1.000002518
1.000000392
1.00000005
1.000000042
1.000000023
0.9999999982
1
536.895107
1611.808023
1657.994484
1657.999853
1657.999931
1658
1658
1658
1658
1658
1658
1658
1658
1658
1658
1658
1658
1658
1658
1658
1658
1658
1658
1658
1658
1658
1658
1658
1658
1658
1658
1658
1658
1658
1658
1658
1658
1658
1658
1658
1658
1658
1658
1658
1658
1658
1658
1658
1658
1658
1
1
1
1
1
1
1
1
1
1
1
1
1
1
1
1
1
1
1
1
1
1.000000001
1.000000009
1.000000052
1.000000138
1.000000121
1.000000054
1.000000005
0.9999999784
1
277.8651848
1581.957647
1657.996835
1657.99993
1657.99999
1658.000003
1658
1658
1658
1658
1658
1658
1658
1658
1658
1658
1658
1658
1658
1658
1658
1658
1658
1658
1658
1658
1658
1658
1658
1658
1658
1658
1658
1658
1658
1658
1658
1658
1658
1658
1658
1658
1658
1658
1658
1658
1658
1658
1658
1658
1
1
1
1
1
1
1
1
1
1
1
1
1
1
1
1
1
1
1
1
1
1
1
1.000000001
1.000000003
1.000000003
1.000000002
1
1
1.000000147
26.93805568
1385.319001
1657.999879
1657.999915
1658.000019
1658
1658
1658
1658
1658
1658
1658
1658
1658
1658
1658
1658
1658
1658
1658
1658
1658
1658
1658
1658
1658
1658
1658
1658
1658
1658
1658
1658
1658
1658
1658
1658
1658
1658
1658
1658
1658
1658
1658
1658
1658
1658
1658
1658
1658
1
1
1
1
1
1
1
1
1
1
1
1
1
1
1
1
1
1
1
1
1
1
1
1
1
1
1
1
1.000000006
1.000006327
1.000050375
749.0716556
1657.441058
1657.999985
1657.999956
1658.000026
1658
1658
1658
1658
1658
1658
1658
1658
1658
1658
1658
1658
1658
1658
1658
1658
1658
1658
1658
1658
1658
1658
1658
1658
1658
1658
1658
1658
1658
1658
1658
1658
1658
1658
1658
1658
1658
1658
1658
1658
1658
1658
1658
1658
1
1
1
1
1
1
1
1
1
1
1
1.000000033
1.000000025
1.000000002
1
1
1
1
1
1
1
1
1
1
1
1
1
1
1.001728214
1.000270013
1.00007079
304.1751611
1566.092625
1657.999985
1657.999944
1658.000132
1658
1658
1658
1658
1658
1658
1658
1658
1658
1658
1658
1658
1658
1.000000018
1658
1658
1658
1658
1658
1658
1658
1658
1658
1658
1658
1658
1658
1658
1658
1658
1658
1658
1658
1658
1658
1658
1658
1658
1658
1658
1658
1658
1658
1658
1
1
1
1
1
1
1
1
1
1
1
1.000000213
1.000000213
1.00000001
1.000000194
1
1
1
1
1.000000034
1.00000005
1.000000038
1.000000013
1.000000001
1
1
1
0.9999999953
1.080892951
1.528108305
1.016997571
6.612883231
1172.294518
1657.999985
1657.999885
1657.999915
1658
1658
1658
1658
1658
1658
1658
1658
1658
1658
1658
1658
1658
1.000001403
1658
1658
1658
1658
1658
1658
1658
1658
1658
1658
1658
1658
1658
1658
1658
1658
1658
1658
1658
1658
1658
1658
1658
1658
1658
1658
1658
1658
1658
1658
1
1
1
1
1
1
1
1
1
1
1
1
1.000000003
1.000002012
1.00021848
1.000000009
1.000051826
1.000083327
1.000020152
1.000000033
1.000000026
1.000000018
1.000000005
1
1
1
1
1
1.00432831
11.86779268
40.07914945
116.8905296
844.5662521
1528.037091
1650.54545
1657.999872
1658
1658
1658
1658
1658
1658
1658
1658
1658
1658
1658
1658
1.00000019
1
1658
1658
1658
1658
1658
1658
1658
1658
1658
1658
1658
1658
1658
1658
1658
1658
1658
1658
1658
1658
1658
1658
1658
1658
1658
1658
1658
1658
1658
1658
1
1
1
1
1
1
1
1
1
1
1
1
1.000000141
1.133172643
1.143696863
1.073001764
1.005418384
1.000007845
1.000000269
1.000000006
1.000000001
1
1
1
1.036324568
1
1.000097592
1.000055717
1.057299757
1.062509884
121.6473548
299.5363711
773.3589365
896.4937875
1573.050718
1657.999844
1658
1658
1658
1658
1658
1658
1658
1658
1658
1658
1658
1657.999999
1.000000752
1.000000363
1658
1658
1658
1658
1658
1658
1658
1658
1658
1658
1658
1658
1658
1658
1658
1658
1658
1658
1658
1658
1658
1658
1658
1658
1658
1658
1658
1658
1658
1658
1
1
1
1
1
1
1
1
1
1
1
1
1.000011897
3.464473202
3.722100596
1.53825751
1.000344799
1.000004462
1.000000103
1.000000008
1.000000005
1.16807052
1.141021542
1.290194191
1.319981501
1.159161414
1.000111001
1.000176859
1.000558817
1.28451996
1.547475145
59.87029145
1062.747837
1064.266181
1406.537201
1658.000034
1658
1658
1658
1658
1658
1658
1658
1658
1658
1658
1658
1
1
1
1658
1658
1658
1658
1658
1658
1658
1658
1658
1658
1658
1658
1658
1658
1658
1658
1658
1658
1658
1658
1658
1658
1658
1658
1658
1658
1658
1658
1658
1658
1
1
1
1
1
1
1
1
1
1
1
1.000000004
3.550193063
4.4198938
4.133853179
1.286992541
1.000134727
1.000062637
1.026104303
1.248967339
1.408201183
1.40938386
1.409388968
1.409293956
1.249024414
1.058358173
1.000546687
1.00018688
1.001205267
6.59053039
390.9209352
557.8070533
1083.32857
918.0056
656.6887625
1486.931541
1658
1658
1658
1658
1658
1658
1658
1658
1658
1.000000162
1
1
1
1
1658
1658
1658
1658
1658
1658
1658
1658
1658
1658
1658
1658
1658
1658
1658
1658
1658
1658
1658
1658
1658
1658
1658
1658
1658
1658
1658
1658
1658
1658
1
1
1
1
1
1
1
1
1
1
1.000000001
1.126512136
4.43100681
4.425297893
1.690131413
1.002898187
1.003167628
1.063062056
1.300866471
1.300866471
1.248225976
1.168422259
1.069189806
1.019265871
1.007854459
1.004420373
1.000981258
1.006736715
1.207290059
156.3078703
700.0199713
1034.362742
1087.49772
716.5883806
587.310951
581.8262787
1.00000731
1658
1658
1658
1658
1658
1658
1.000000388
1
1
1
1
1
1
1658
1658
1658
1658
1658
1658
1658
1658
1658
1658
1658
1658
1658
1658
1658
1658
1658
1658
1658
1658
1658
1658
1658
1658
1658
1658
1658
1658
1658
1658
1
1
1
1
1
1
1
1
1
1
1.000000124
1.532567215
4.43100681
3.059967935
1.000167993
1.000168681
1.002178916
1.047505685
1.101490541
1.087759149
1.077643798
1.076344612
1.051390321
1.021990132
1.011636279
91.31042989
225.2668102
370.0329299
737.7563135
1223.368576
1618.59162
1642.457878
1395.064698
1344.406018
1130.286908
1.000118894
1
1.000000392
1
1.00000061
1.000000001
1
1
1
1
1
1
1
1
1
1658
1658
1658
1658
1658
1658
1658
1658
1658
1658
1658
1658
1658
1658
1658
1658
1658
1658
1658
1658
1658
1658
1658
1658
1658
1658
1658
1658
1658
1658
1
1
1
1
1
1
1
1
1
1.000021413
1.001221303
1.916928611
4.181948531
1.000167916
1.000167849
1.000167992
1.000172136
1.000273647
1.001454789
1.008528431
1.048075292
1.078006948
244.9585116
614.5248937
1001.996719
1296.810042
1464.852331
1589.960676
1657.999868
1657.99993
1657.994961
1651.018753
1654.643841
1656.073289
1658
1658
1658
1658
1.000000507
1.000000686
1
1
1
1
1
1
1
1
1
1
1658
1658
1658
1658
1658
1658
1658
1658
1658
1658
1658
1658
1658
1658
1658
1658
1658
1658
1658
1658
1658
1658
1658
1658
1658
1658
1658
1658
1658
1658
1
1
1
1
1
1
1.000000008
1.000000052
1.000000075
1.000088727
1.096589064
2.641444036
2.62700108
1.000167851
1.000167993
1.000166326
1.000273312
1.001250288
1.008557139
41.68152493
529.0074875
1088.574281
1467.604799
1594.493402
1657.757576
1657.922289
1657.973942
1657.999921
1657.999908
1658
1657.993462
1657.880544
1657.999993
1658
1658
1658
1658
1658
1658
1657.999999
1
1
1
1
1
1
1
1
1
1
1658
1658
1658
1658
1658
1658
1658
1658
1658
1658
1658
1658
1658
1658
1658
1658
1658
1658
1658
1658
1658
1658
1658
1658
1658
1658
1658
1658
1658
1658
1
1
1
1
1
1
1.000000035
1.0000018
1.000001031
1.000015433
1.264628081
2.144124812
1.328062084
1.000172186
1.000261342
1.001828001
1.024163835
48.88156149
676.8144744
1321.877331
1549.629375
1657.997241
1657.999498
1657.999778
1657.999937
1657.999886
1657.999953
1657.999924
1657.999878
1658.000101
1658.00005
1657.999968
1658
1658
1658
1658
1658
1658
1658
1658
1658
1.000000451
1.00000002
1
1
1
1
1
1
1
1658
1658
1658
1658
1658
1658
1658
1658
1658
1658
1658
1658
1658
1658
1658
1658
1658
1658
1658
1658
1658
1658
1658
1658
1658
1658
1658
1658
1658
1658
1
1
1
1
1
1
1.000000018
1.000008939
1.000085443
1.004228119
1.052657527
1.054561799
1.062348253
1.001823617
1.024996271
6.384503724
642.4103707
1364.363275
1608.161555
1657.999464
1657.999972
1657.999269
1657.999992
1658.000003
1657.999979
1657.999932
1657.999953
1658.000015
1658.000017
1658
1658
1658
1658
1658
1658
1658
1658
1658
1658
1658
1658
1658
1658
1
1
1
1
1
1
1
1658
1658
1658
1658
1658
1658
1658
1658
1658
1658
1658
1658
1658
1658
1658
1658
1658
1658
1658
1658
1658
1658
1658
1658
1658
1658
1658
1658
1658
1658
1
1
1
1
1
1.000000002
1.000000048
1.000027743
1.00061577
1.000873843
1.000896102
1.002474285
1.032039646
1.175248239
430.4514286
1272.414118
1599.690219
1657.999041
1657.999991
1657.999996
1657.999975
1657.999935
1657.999958
1657.999979
1657.999989
1658
1658
1658
1658
1658
1658
1658
1658
1658
1658
1658
1658
1658
1658
1658
1658
1658
1658
1658
1.000000021
1
1
1
1
1
1658
1658
1658
1658
1658
1658
1658
1658
1658
1658
1658
1658
1658
1658
1658
1658
1658
1658
1658
1658
1658
1658
1658
1658
1658
1658
1658
1658
1658
1658
1
1
1
1
1.000000001
1.000000014
1.000000113
1.000006406
1.000809016
1.001192957
1.002766348
1.030535865
2.685861329
849.8735126
1579.190963
1657.984774
1657.999948
1658
1657.999997
1657.999996
1657.999985
1658
1658
1658
1658
1658
1658
1658
1658
1658
1658
1658
1658
1658
1658
1658
1658
1658
1658
1658
1658
1658
1658
1658
1658
1
1
1
1
1
1658
1658
1658
1658
1658
1658
1658
1658
1658
1658
1658
1658
1658
1658
1658
1658
1658
1658
1658
1658
1658
1658
1658
1658
1658
1658
1658
1658
1658
1658
1
1
1
1.000000001
1.000000011
1.00000031
1.000009654
1.00006833
1.000430193
1.001143621
1.044159764
15.26411431
816.4533028
1657.750584
1657.999041
1658
1658
1658.000012
1658
1658
1658
1658
1658
1658
1658
1658
1658
1658
1658
1658
1658
1658
1658
1658
1658
1658
1658
1658
1658
1658
1658
1658
1658
1658
1658
1658
1.000000035
1
1
1
1658
1658
1658
1658
1658
1658
1658
1658
1658
1658
1658
1658
1658
1658
1658
1658
1658
1658
1658
1658
1658
1658
1658
1658
1658
1658
1658
1658
1658
1658
1
1
1
1.000000002
1.000000027
1.000001114
1.000067377
1.000614676
1.000669079
1.003316976
1.14824525
277.2337806
1573.172906
1657.999028
1658
1658.00002
1658
1658
1658
1658
1658
1658
1658
1658
1658
1658
1658
1658
1658
1658
1658
1658
1658
1658
1658
1658
1658
1658
1658
1658
1658
1658
1658
1658
1658
1658
1.000000365
1
1
1
1658
1658
1658
1658
1658
1658
1658
1658
1658
1658
1658
1658
1658
1658
1658
1658
1658
1658
1658
1658
1658
1658
1658
1658
1658
1658
1658
1658
1658
1658
1
1
1
1.000000001
1.000000041
1.000001515
1.00004083
1.000649663
1.003166469
1.019552575
5.671652903
720.755991
1535.463232
1658
1658
1658
1658
1658
1658
1658
1658
1658
1658
1658
1658
1658
1658
1658
1658
1658
1658
1658
1658
1658
1658
1658
1658
1658
1658
1658
1658
1658
1658
1658
1658
1658
1658
1
1
1
1658
1658
1658
1658
1658
1658
1658
1658
1658
1658
1658
1658
1658
1658
1658
1658
1658
1658
1658
1658
1658
1658
1658
1658
1658
1658
1658
1658
1658
1658
1
1
1
1.000000001
1.000000041
1.000001463
1.000042959
1.000974201
1.011599242
1.21817511
13.12254812
674.5181209
1658
1658
1658
1658
1658
1658
1658
1658
1658
1658
1658
1658
1658
1658
1658
1658
1658
1658
1658
1658
1658
1658
1658
1658
1658
1658
1658
1658
1658
1658
1658
1658
1658
1658
1658
1657.999999
1.000000703
1.000000394
1658
1658
1658
1658
1658
1658
1658
1658
1658
1658
1658
1658
1658
1658
1658
1658
1658
1658
1658
1658
1658
1658
1658
1658
1658
1658
1658
1658
1658
1658
1
1
1
1.000000001
1.000000025
1.000000909
1.000027841
1.000704154
1.015398151
3.763490363
16.05311042
61.84560506
1658
1658
1658
1658
1658
1658
1658
1658
1658
1658
1658
1658
1658
1658
1658
1658
1658
1658
1658
1658
1658
1658
1658
1658
1658
1658
1658
1658
1658
1658
1658
1658
1658
1658
1658
1658
1.000000282
1
1658
1658
1658
1658
1658
1658
1658
1658
1658
1658
1658
1658
1658
1658
1658
1658
1658
1658
1658
1658
1658
1658
1658
1658
1658
1658
1658
1658
1658
1658
1
1
1
1
1.000000004
1.000000202
1.000009066
1.000358621
1.071946137
1.635685904
2.230349709
1658
1658
1658
1658
1658
1658
1658
1658
1658
1658
1658
1658
1658
1658
1658
1658
1658
1658
1658
1658
1658
1658
1658
1658
1658
1658
1658
1658
1658
1658
1658
1658
1658
1658
1658
1658
1658
1658
1.000000193
1658
1658
1658
1658
1658
1658
1658
1658
1658
1658
1658
1658
1658
1658
1658
1658
1658
1658
1658
1658
1658
1658
1658
1658
1658
1658
1658
1658
1658
1658
1
1
1
1
1
1.000000003
1.000000116
1.000174406
1.004283306
1.000000001
1.000000001
1658
1658
1658
1658
1658
1658
1658
1658
1658
1658
1658
1658
1658
1658
1658
1658
1658
1658
1658
1658
1658
1658
1658
1658
1658
1658
1658
1658
1658
1658
1658
1658
1658
1658
1658
1658
1658
1658
1.000000055
1658
1658
1658
1658
1658
1658
1658
1658
1658
1658
1658
1658
1658
1658
1658
1658
1658
1658
1658
1658
1658
1658
1658
1658
1658
1658
1658
1658
1658
1658
1
1
1
1
1
1
1.000000002
1.000001147
1.000001134
1.000000441
1.000000455
1658
1658
1658
1658
1658
1658
1658
1658
1658
1658
1658
1658
1658
1658
1658
1658
1658
1658
1658
1658
1658
1658
1658
1658
1658
1658
1658
1658
1658
1658
1658
1658
1658
1658
1658
1658
1658
1658
1.00000136
1658
1658
1658
1658
1658
1658
1658
1658
1658
1658
1658
1658
1658
1658
1658
1658
1658
1658
1658
1658
1658
1658
1658
1658
1658
1658
1658
1658
1658
1658
1
1
1
1
1
1
1
1.000000006
1.000000008
1.000000006
1.000000776
1658
1658
1658
1658
1658
1658
1658
1658
1658
1658
1658
1658
1658
1658
1658
1658
1658
1658
1658
1658
1658
1658
1658
1658
1658
1658
1658
1658
1658
1658
1658
1658
1658
1658
1658
1658
1658
1658
1
1658
1658
1658
1658
1658
1658
1658
1658
1658
1658
1658
1658
1658
1658
1658
1658
1658
1658
1658
1658
1658
1658
1658
1658
1658
1658
1658
1658
1658
1658
1
1
1
1
1
1
1
1
1
1
1658
1658
1658
1658
1658
1658
1658
1658
1658
1658
1658
1658
1658
1658
1658
1658
1658
1658
1658
1658
1658
1658
1658
1658
1658
1658
1658
1658
1658
1658
1658
1658
1658
1658
1658
1658
1658
1658
1658
1658
1658
1658
1658
1658
1658
1658
1658
1658
1658
1658
1658
1658
1658
1658
1658
1658
1658
1658
1658
1658
1658
1658
1658
1658
1658
1658
1658
1658
1658
1658
1
1
1
1
1
1
1
1
1
1
1658
1658
1658
1658
1658
1658
1658
1658
1658
1658
1658
1658
1658
1658
1658
1658
1658
1658
1658
1658
1658
1658
1658
1658
1658
1658
1658
1658
1658
1658
1658
1658
1658
1658
1658
1658
1658
1658
1658
1658
1658
1658
1658
1658
1658
1658
1658
1658
1658
1658
1658
1658
1658
1658
1658
1658
1658
1658
1658
1658
1658
1658
1658
1658
1658
1658
1658
1658
1658
1658
1
1
1
1
1
1
1
1
1
1.000000109
1658
1658
1658
1658
1658
1658
1658
1658
1658
1658
1658
1658
1658
1658
1658
1658
1658
1658
1658
1658
1658
1658
1658
1658
1658
1658
1658
1658
1658
1658
1658
1658
1658
1658
1658
1658
1658
1658
1658
1658
1658
1658
1658
1658
1658
1658
1658
1658
1658
1658
1658
1658
1658
1658
1658
1658
1658
1658
1658
1658
1658
1658
1658
1658
1658
1658
1658
1658
1658
1658
1
1
1
1
1
1
1
1
1
1.000000065
1658
1658
1658
1658
1658
1658
1658
1658
1658
1658
1658
1658
1658
1658
1658
1658
1658
1658
1658
1658
1658
1658
1658
1658
1658
1658
1658
1658
1658
1658
1658
1658
1658
1658
1658
1658
1658
1658
1658
1658
1658
1658
1658
1658
1658
1658
1658
1658
1658
1658
1658
1658
1658
1658
1658
1658
1658
1658
1658
1658
1658
1658
1658
1658
1658
1658
1658
1658
1658
1658
1
1
1
1
1
1
1
1
1
1.000000066
1658
1658
1658
1658
1658
1658
1658
1658
1658
1658
1658
1658
1658
1658
1658
1658
1658
1658
1658
1658
1658
1658
1658
1658
1658
1658
1658
1658
1658
1658
1658
1658
1658
1658
1658
1658
1658
1658
1658
1658
1658
1658
1658
1658
1658
1658
1658
1658
1658
1658
1658
1658
1658
1658
1658
1658
1658
1658
1658
1658
1658
1658
1658
1658
1658
1658
1658
1658
1658
1658
1
1
1
1
1
1
1
1
1
1.000000114
1658
1658
1658
1658
1658
1658
1658
1658
1658
1658
1658
1658
1658
1658
1658
1658
1658
1658
1658
1658
1658
1658
1658
1658
1658
1658
1658
1658
1658
1658
1658
1658
1658
1658
1658
1658
1658
1658
1658
1658
1658
1658
1658
1658
1658
1658
1658
1658
1658
1658
1658
1658
1658
1658
1658
1658
1658
1658
1658
1658
1658
1658
1658
1658
1658
1658
1658
1658
1658
1658
1
1
1
1
1
1
1
1
1
1
1658
1658
1658
1658
1658
1658
1658
1658
1658
1658
1658
1658
1658
1658
1658
1658
1658
1658
1658
1658
1658
1658
1658
1658
1658
1658
1658
1658
1658
1658
1658
1658
1658
1658
1658
1658
1658
1658
1658
1658
1658
1658
1658
1658
1658
1658
1658
1658
1658
1658
1658
1658
1658
1658
1658
1658
1658
1658
1658
1658
1658
1658
1658
1658
1658
1658
1658
1658
1658
1658
1
1
1
1
1
1
1
1
1
1
1658
1658
1658
1658
1658
1658
1658
1658
1658
1658
1658
1658
1658
1658
1658
1658
1658
1658
1658
1658
1658
1658
1658
1658
1658
1658
1658
1658
1658
1658
1658
1658
1658
1658
1658
1658
1658
1658
1658
1658
1658
1658
1658
1658
1658
1658
1658
1658
1658
1658
1658
1658
1658
1658
1658
1658
1658
1658
1658
1658
1658
1658
1658
1658
1658
1658
1658
1658
1658
1658
1
1
1
1
1
1
1
1
1
1
1.000000769
1658
1658
1658
1658
1658
1658
1658
1658
1658
1658
1658
1658
1658
1658
1658
1658
1658
1658
1658
1658
1658
1658
1658
1658
1658
1658
1658
1658
1658
1658
1658
1658
1658
1658
1658
1658
1658
1658
1
1658
1658
1658
1658
1658
1658
1658
1658
1658
1658
1658
1658
1658
1658
1658
1658
1658
1658
1658
1658
1658
1658
1658
1658
1658
1658
1658
1658
1658
1658
1
1
1
1
1
1
1
1
1
1
1.000000438
1658
1658
1658
1658
1658
1658
1658
1658
1658
1658
1658
1658
1658
1658
1658
1658
1658
1658
1658
1658
1658
1658
1658
1658
1658
1658
1658
1658
1658
1658
1658
1658
1658
1658
1658
1658
1658
1658
1.00000136
1658
1658
1658
1658
1658
1658
1658
1658
1658
1658
1658
1658
1658
1658
1658
1658
1658
1658
1658
1658
1658
1658
1658
1658
1658
1658
1658
1658
1658
1658
1
1
1
1
1
1
1
1
1
1
1
1658
1658
1658
1658
1658
1658
1658
1658
1658
1658
1658
1658
1658
1658
1658
1658
1658
1658
1658
1658
1658
1658
1658
1658
1658
1658
1658
1658
1658
1658
1658
1658
1658
1658
1658
1658
1658
1658
1.000000056
1658
1658
1658
1658
1658
1658
1658
1658
1658
1658
1658
1658
1658
1658
1658
1658
1658
1658
1658
1658
1658
1658
1658
1658
1658
1658
1658
1658
1658
1658
1
1
1
1
1
1
1
1
1
1
1
1658
1658
1658
1658
1658
1658
1658
1658
1658
1658
1658
1658
1658
1658
1658
1658
1658
1658
1658
1658
1658
1658
1658
1658
1658
1658
1658
1658
1658
1658
1658
1658
1658
1658
1658
1658
1658
1658
1.00000019
1658
1658
1658
1658
1658
1658
1658
1658
1658
1658
1658
1658
1658
1658
1658
1658
1658
1658
1658
1658
1658
1658
1658
1658
1658
1658
1658
1658
1658
1658
1
1
1
1
1
1
1
1
1
1
1
1.000000446
1658
1658
1658
1658
1658
1658
1658
1658
1658
1658
1658
1658
1658
1658
1658
1658
1658
1658
1658
1658
1658
1658
1658
1658
1658
1658
1658
1658
1658
1658
1658
1658
1658
1658
1658
1658
1.000000279
1
1658
1658
1658
1658
1658
1658
1658
1658
1658
1658
1658
1658
1658
1658
1658
1658
1658
1658
1658
1658
1658
1658
1658
1658
1658
1658
1658
1658
1658
1658
1
1
1
1
1
1
1
1
1
1
1
1.000000042
1658
1658
1658
1658
1658
1658
1658
1658
1658
1658
1658
1658
1658
1658
1658
1658
1658
1658
1658
1658
1658
1658
1658
1658
1658
1658
1658
1658
1658
1658
1658
1658
1658
1658
1658
1657.999999
1.000000696
1.000000392
1658
1658
1658
1658
1658
1658
1658
1658
1658
1658
1658
1658
1658
1658
1658
1658
1658
1658
1658
1658
1658
1658
1658
1658
1658
1658
1658
1658
1658
1658
1
1
1
1
1
1
1
1
1
1
1
1
1
1658
1658
1658
1658
1658
1658
1658
1658
1658
1658
1658
1658
1658
1658
1658
1658
1658
1658
1658
1658
1658
1658
1658
1658
1658
1658
1658
1658
1658
1658
1658
1658
1658
1658
1
1
1
1658
1658
1658
1658
1658
1658
1658
1658
1658
1658
1658
1658
1658
1658
1658
1658
1658
1658
1658
1658
1658
1658
1658
1658
1658
1658
1658
1658
1658
1658
1
1
1
1
1
1
1
1
1
1
1
1
1
1.000000561
1658
1658
1658
1658
1658
1658
1658
1658
1658
1658
1658
1658
1658
1658
1658
1658
1658
1658
1658
1658
1658
1658
1658
1658
1658
1658
1658
1658
1658
1658
1658
1658
1.000000358
1
1
1
1658
1658
1658
1658
1658
1658
1658
1658
1658
1658
1658
1658
1658
1658
1658
1658
1658
1658
1658
1658
1658
1658
1658
1658
1658
1658
1658
1658
1658
1658
1
1
1
1
1
1
1
1
1
1
1
1
1
1.000000049
1658
1658
1658
1658
1658
1658
1658
1658
1658
1658
1658
1658
1658
1658
1658
1658
1658
1658
1658
1658
1658
1658
1658
1658
1658
1658
1658
1658
1658
1658
1658
1658
1.000000024
1
1
1
1658
1658
1658
1658
1658
1658
1658
1658
1658
1658
1658
1658
1658
1658
1658
1658
1658
1658
1658
1658
1658
1658
1658
1658
1658
1658
1658
1658
1658
1658
1
1
1
1
1
1
1
1
1
1
1
1
1
1
1
1658
1658
1658
1658
1658
1658
1658
1658
1658
1658
1658
1658
1658
1658
1658
1658
1658
1658
1658
1658
1658
1658
1658
1658
1658
1658
1658
1658
1658
1658
1
1
1
1
1
1658
1658
1658
1658
1658
1658
1658
1658
1658
1658
1658
1658
1658
1658
1658
1658
1658
1658
1658
1658
1658
1658
1658
1658
1658
1658
1658
1658
1658
1658
1
1
1
1
1
1
1
1
1
1
1
1
1
1
1
1.000000061
1658
1658
1658
1658
1658
1658
1658
1658
1658
1658
1658
1658
1658
1658
1658
1658
1658
1658
1658
1658
1658
1658
1658
1658
1658
1658
1658
1658
1
1
1
1
1
1
1658
1658
1658
1658
1658
1658
1658
1658
1658
1658
1658
1658
1658
1658
1658
1658
1658
1658
1658
1658
1658
1658
1658
1658
1658
1658
1658
1658
1658
1658
1
1
1
1
1
1
1
1
1
1
1
1
1
1
1
1
1
1658
1658
1658
1658
1658
1658
1658
1658
1658
1658
1658
1658
1658
1658
1658
1658
1658
1658
1658
1658
1658
1658
1658
1658
1658
1658
1
1
1
1
1
1
1
1658
1658
1658
1658
1658
1658
1658
1658
1658
1658
1658
1658
1658
1658
1658
1658
1658
1658
1658
1658
1658
1658
1658
1658
1658
1658
1658
1658
1658
1658
1
1
1
1
1
1
1
1
1
1
1
1
1
1
1
1
1
1.000000055
1.000000537
1658
1658
1658
1658
1658
1658
1658
1658
1658
1658
1658
1658
1658
1658
1658
1658
1658
1658
1658
1658
1658
1658
1.000000348
1.000000023
1
1
1
1
1
1
1
1658
1658
1658
1658
1658
1658
1658
1658
1658
1658
1658
1658
1658
1658
1658
1658
1658
1658
1658
1658
1658
1658
1658
1658
1658
1658
1658
1658
1658
1658
1
1
1
1
1
1
1
1
1
1
1
1
1
1
1
1
1
1
1
1
1658
1658
1658
1658
1658
1658
1658
1658
1658
1658
1658
1658
1658
1658
1658
1658
1658
1658
1658
1657.999999
1
1
1
1
1
1
1
1
1
1
1658
1658
1658
1658
1658
1658
1658
1658
1658
1658
1658
1658
1658
1658
1658
1658
1658
1658
1658
1658
1658
1658
1658
1658
1658
1658
1658
1658
1658
1658
1
1
1
1
1
1
1
1
1
1
1
1
1
1
1
1
1
1
1
1
1.00000005
1.00000041
1658
1658
1658
1658
1658
1658
1658
1658
1658
1658
1658
1658
1658
1658
1658
1658
1.000000328
1.000000674
1
1
1
1
1
1
1
1
1
1
1658
1658
1658
1658
1658
1658
1658
1658
1658
1658
1658
1658
1658
1658
1658
1658
1658
1658
1658
1658
1658
1658
1658
1658
1658
1658
1658
1658
1658
1658
1
1
1
1
1
1
1
1
1
1
1
1
1
1
1
1
1
1
1
1
1
1
1
1
1.000000426
1.000000709
1658
1658
1658
1658
1658
1658
1657.999999
1658
1.00000011
1.00000075
1
1.000000472
1
1.000000548
1
1
1
1
1
1
1
1
1
1
1658
1658
1658
1658
1658
1658
1658
1658
1658
1658
1658
1658
1658
1658
1658
1658
1658
1658
1658
1658
1658
1658
1658
1658
1658
1658
1658
1658
1658
1658
1
1
1
1
1
1
1
1
1
1
1
1
1
1
1
1
1
1
1
1
1
1
1
1
1
1
1
1
1.000000069
1.000000009
1
1
1
1.000000308
1
1.000000548
1.000000353
1658
1658
1658
1658
1658
1658
1.000000295
1
1
1
1
1
1
1658
1658
1658
1658
1658
1658
1658
1658
1658
1658
1658
1658
1658
1658
1658
1658
1658
1658
1658
1658
1658
1658
1658
1658
1658
1658
1658
1658
1658
1658
1
1
1
1
1
1
1
1
1
1
1
1
1
1
1
1
1
1
1
1
1
1
1
1
1
1
1
1
1
1
1
1
1
1.000000785
1
1658
1658
1658
1658
1658
1658
1658
1658
1658
1658
1.000000099
1
1
1
1
1658
1658
1658
1658
1658
1658
1658
1658
1658
1658
1658
1658
1658
1658
1658
1658
1658
1658
1658
1658
1658
1658
1658
1658
1658
1658
1658
1658
1658
1658
1
1
1
1
1
1
1
1
1
1
1
1
1
1
1
1
1
1
1
1
1
1
1
1
1
1
1
1
1
1
1
1
1
1657.999999
1658
1658
1658
1658
1658
1658
1658
1658
1658
1658
1658
1658
1658
1
1
1
1658
1658
1658
1658
1658
1658
1658
1658
1658
1658
1658
1658
1658
1658
1658
1658
1658
1658
1658
1658
1658
1658
1658
1658
1658
1658
1658
1658
1658
1658
1
1
1
1
1
1
1
1
1
1
1
1
1
1
1
1
1
1
1
1
1
1
1
1
1
1
1
1
1
1
1
1.000000014
1658
1658
1658
1658
1658
1658
1658
1658
1658
1658
1658
1658
1658
1658
1658
1657.999999
1.000000735
1.000000358
1658
1658
1658
1658
1658
1658
1658
1658
1658
1658
1658
1658
1658
1658
1658
1658
1658
1658
1658
1658
1658
1658
1658
1658
1658
1658
1658
1658
1658
1658
1
1
1
1
1
1
1
1
1
1
1
1
1
1
1
1
1
1
1
1
1
1
1
1
1
1
1
1
1
1
1
1.000000161
1658
1658
1658
1658
1658
1658
1658
1658
1658
1658
1658
1658
1658
1658
1658
1658
1.000000179
1
1658
1658
1658
1658
1658
1658
1658
1658
1658
1658
1658
1658
1658
1658
1658
1658
1658
1658
1658
1658
1658
1658
1658
1658
1658
1658
1658
1658
1658
1658
1
1
1
1
1
1
1
1
1
1
1
1
1
1
1
1
1
1
1
1
1
1
1
1
1
1
1
1
1
1
1
1658
1658
1658
1658
1658
1658
1658
1658
1658
1658
1658
1658
1658
1658
1658
1658
1658
1658
1.000001401
1658
1658
1658
1658
1658
1658
1658
1658
1658
1658
1658
1658
1658
1658
1658
1658
1658
1658
1658
1658
1658
1658
1658
1658
1658
1658
1658
1658
1658
1658
1
1
1
1
1
1
1
1
1
1
1
1
1
1
1
1
1
1
1
1
1
1
1
1
1
1
1
1
1
1
1.000000396
1658
1658
1658
1658
1658
1658
1658
1658
1658
1658
1658
1658
1658
1658
1658
1658
1658
1658
1.000000025
1658
1658
1658
1658
1658
1658
1658
1658
1658
1658
1658
1658
1658
1658
1658
1658
1658
1658
1658
1658
1658
1658
1658
1658
1658
1658
1658
1658
1658
1658
1
1
1
1
1
1
1
1
1
1
1
1
1
1
1
1
1
1
1
1
1
1
1
1
1
1
1
1
1
1
1658
1658
1658
1658
1658
1658
1658
1658
1658
1658
1658
1658
1658
1658
1658
1658
1658
1658
1658
1658
1658
1658
1658
1658
1658
1658
1658
1658
1658
1658
1658
1658
1658
1658
1658
1658
1658
1658
1658
1658
1658
1658
1658
1658
1658
1658
1658
1658
1658
1658
1
1
1
1
1
1
1
1
1
1
1
1
1
1
1
1
1
1
1
1
1
1
1
1
1
1
1
1
1
1
1658
1658
1658
1658
1658
1658
1658
1658
1658
1658
1658
1658
1658
1658
1658
1658
1658
1658
1658
1658
1658
1658
1658
1658
1658
1658
1658
1658
1658
1658
1658
1658
1658
1658
1658
1658
1658
1658
1658
1658
1658
1658
1658
1658
1658
1658
1658
1658
1658
1658
1
1
1
1
1
1
1
1
1
1
1
1
1
1
1
1
1
1
1
1
1
1
1
1
1
1
1
1
1
1.000000142
1658
1658
1658
1658
1658
1658
1658
1658
1658
1658
1658
1658
1658
1658
1658
1658
1658
1658
1658
1658
1658
1658
1658
1658
1658
1658
1658
1658
1658
1658
1658
1658
1658
1658
1658
1658
1658
1658
1658
1658
1658
1658
1658
1658
1658
1658
1658
1658
1658
1658
1
1
1
1
1
1
1
1
1
1
1
1
1
1
1
1
1
1
1
1
1
1
1
1
1
1
1
1
1
1.000000142
1658
1658
1658
1658
1658
1658
1658
1658
1658
1658
1658
1658
1658
1658
1658
1658
1658
1658
1658
1658
1658
1658
1658
1658
1658
1658
1658
1658
1658
1658
1658
1658
1658
1658
1658
1658
1658
1658
1658
1658
1658
1658
1658
1658
1658
1658
1658
1658
1658
1658
1
1
1
1
1
1
1
1
1
1
1
1
1
1
1
1
1
1
1
1
1
1
1
1
1
1
1
1
1
1
1658
1658
1658
1658
1658
1658
1658
1658
1658
1658
1658
1658
1658
1658
1658
1658
1658
1658
1658
1658
1658
1658
1658
1658
1658
1658
1658
1658
1658
1658
1658
1658
1658
1658
1658
1658
1658
1658
1658
1658
1658
1658
1658
1658
1658
1658
1658
1658
1658
1658
1
1
1
1
1
1
1
1
1
1
1
1
1
1
1
1
1
1
1
1
1
1
1
1
1
1
1
1
1
1
1658
1658
1658
1658
1658
1658
1658
1658
1658
1658
1658
1658
1658
1658
1658
1658
1658
1658
1658
1658
1658
1658
1658
1658
1658
1658
1658
1658
1658
1658
1658
1658
1658
1658
1658
1658
1658
1658
1658
1658
1658
1658
1658
1658
1658
1658
1658
1658
1658
1658
1
1
1
1
1
1
1
1
1
1
1
1
1
1
1
1
1
1
1
1
1
1
1
1
1
1
1
1
1
1
1.000000395
1658
1658
1658
1658
1658
1658
1658
1658
1658
1658
1658
1658
1658
1658
1658
1658
1658
1658
1.000000025
1658
1658
1658
1658
1658
1658
1658
1658
1658
1658
1658
1658
1658
1658
1658
1658
1658
1658
1658
1658
1658
1658
1658
1658
1658
1658
1658
1658
1658
1658
1
1
1
1
1
1
1
1
1
1
1
1
1
1
1
1
1
1
1
1
1
1
1
1
1
1
1
1
1
1
1
1658
1658
1658
1658
1658
1658
1658
1658
1658
1658
1658
1658
1658
1658
1658
1658
1658
1658
1.000001401
1658
1658
1658
1658
1658
1658
1658
1658
1658
1658
1658
1658
1658
1658
1658
1658
1658
1658
1658
1658
1658
1658
1658
1658
1658
1658
1658
1658
1658
1658
1
1
1
1
1
1
1
1
1
1
1
1
1
1
1
1
1
1
1
1
1
1
1
1
1
1
1
1
1
1
1
1.000000164
1658
1658
1658
1658
1658
1658
1658
1658
1658
1658
1658
1658
1658
1658
1658
1658
1.000000178
1
1658
1658
1658
1658
1658
1658
1658
1658
1658
1658
1658
1658
1658
1658
1658
1658
1658
1658
1658
1658
1658
1658
1658
1658
1658
1658
1658
1658
1658
1658
1
1
1
1
1
1
1
1
1
1
1
1
1
1
1
1
1
1
1
1
1
1
1
1
1
1
1
1
1
1
1
1.000000015
1658
1658
1658
1658
1658
1658
1658
1658
1658
1658
1658
1658
1658
1658
1658
1657.999999
1.000000735
1.000000359
1658
1658
1658
1658
1658
1658
1658
1658
1658
1658
1658
1658
1658
1658
1658
1658
1658
1658
1658
1658
1658
1658
1658
1658
1658
1658
1658
1658
1658
1658
1
1
1
1
1
1
1
1
1
1
1
1
1
1
1
1
1
1
1
1
1
1
1
1
1
1
1
1
1
1
1
1
1
1657.999999
1658
1658
1658
1658
1658
1658
1658
1658
1658
1658
1658
1658
1658
1
1
1
1658
1658
1658
1658
1658
1658
1658
1658
1658
1658
1658
1658
1658
1658
1658
1658
1658
1658
1658
1658
1658
1658
1658
1658
1658
1658
1658
1658
1658
1658
1
1
1
1
1
1
1
1
1
1
1
1
1
1
1
1
1
1
1
1
1
1
1
1
1
1
1
1
1
1
1
1
1
1.000000785
1
1658
1658
1658
1658
1658
1658
1658
1658
1658
1658
1.000000099
1
1
1
1
1658
1658
1658
1658
1658
1658
1658
1658
1658
1658
1658
1658
1658
1658
1658
1658
1658
1658
1658
1658
1658
1658
1658
1658
1658
1658
1658
1658
1658
1658
1
1
1
1
1
1
1
1
1
1
1
1
1
1
1
1
1
1
1
1
1
1
1
1
1
1
1
1
1.000000067
1.000000008
1
1
1
1.000000308
1
1.000000548
1.000000353
1658
1658
1658
1658
1658
1658
1.000000295
1
1
1
1
1
1
1658
1658
1658
1658
1658
1658
1658
1658
1658
1658
1658
1658
1658
1658
1658
1658
1658
1658
1658
1658
1658
1658
1658
1658
1658
1658
1658
1658
1658
1658
1
1
1
1
1
1
1
1
1
1
1
1
1
1
1
1
1
1
1
1
1
1
1
1
1.000000426
1.000000712
1658
1658
1658
1658
1658
1658
1657.999999
1658
1.00000011
1.00000075
1
1.000000472
1
1.000000548
1
1
1
1
1
1
1
1
1
1
1658
1658
1658
1658
1658
1658
1658
1658
1658
1658
1658
1658
1658
1658
1658
1658
1658
1658
1658
1658
1658
1658
1658
1658
1658
1658
1658
1658
1658
1658
1
1
1
1
1
1
1
1
1
1
1
1
1
1
1
1
1
1
1
1
1.000000047
1.000000411
1658
1658
1658
1658
1658
1658
1658
1658
1658
1658
1658
1658
1658
1658
1658
1658
1.000000329
1.000000674
1
1
1
1
1
1
1
1
1
1
1658
1658
1658
1658
1658
1658
1658
1658
1658
1658
1658
1658
1658
1658
1658
1658
1658
1658
1658
1658
1658
1658
1658
1658
1658
1658
1658
1658
1658
1658
1
1
1
1
1
1
1
1
1
1
1
1
1
1
1
1
1
1
1
1
1658
1658
1658
1658
1658
1658
1658
1658
1658
1658
1658
1658
1658
1658
1658
1658
1658
1658
1658
1657.999999
1
1
1
1
1
1
1
1
1
1
1658
1658
1658
1658
1658
1658
1658
1658
1658
1658
1658
1658
1658
1658
1658
1658
1658
1658
1658
1658
1658
1658
1658
1658
1658
1658
1658
1658
1658
1658
1
1
1
1
1
1
1
1
1
1
1
1
1
1
1
1
1
1.000000053
1.000000539
1658
1658
1658
1658
1658
1658
1658
1658
1658
1658
1658
1658
1658
1658
1658
1658
1658
1658
1658
1658
1658
1658
1.000000349
1.000000023
1
1
1
1
1
1
1
1658
1658
1658
1658
1658
1658
1658
1658
1658
1658
1658
1658
1658
1658
1658
1658
1658
1658
1658
1658
1658
1658
1658
1658
1658
1658
1658
1658
1658
1658
1
1
1
1
1
1
1
1
1
1
1
1
1
1
1
1
1
1658
1658
1658
1658
1658
1658
1658
1658
1658
1658
1658
1658
1658
1658
1658
1658
1658
1658
1658
1658
1658
1658
1658
1658
1658
1658
1
1
1
1
1
1
1
1658
1658
1658
1658
1658
1658
1658
1658
1658
1658
1658
1658
1658
1658
1658
1658
1658
1658
1658
1658
1658
1658
1658
1658
1658
1658
1658
1658
1658
1658
1
1
1
1
1
1
1
1
1
1
1
1
1
1
1
1.000000054
1658
1658
1658
1658
1658
1658
1658
1658
1658
1658
1658
1658
1658
1658
1658
1658
1658
1658
1658
1658
1658
1658
1658
1658
1658
1658
1658
1658
1
1
1
1
1
1
1658
1658
1658
1658
1658
1658
1658
1658
1658
1658
1658
1658
1658
1658
1658
1658
1658
1658
1658
1658
1658
1658
1658
1658
1658
1658
1658
1658
1658
1658
1
1
1
1
1
1
1
1
1
1
1
1
1
1
1
1658
1658
1658
1658
1658
1658
1658
1658
1658
1658
1658
1658
1658
1658
1658
1658
1658
1658
1658
1658
1658
1658
1658
1658
1658
1658
1658
1658
1658
1658
1
1
1
1
1
1658
1658
1658
1658
1658
1658
1658
1658
1658
1658
1658
1658
1658
1658
1658
1658
1658
1658
1658
1658
1658
1658
1658
1658
1658
1658
1658
1658
1658
1658
1
1
1
1
1
1
1
1
1
1
1
1
1
1.000000054
1658
1658
1658
1658
1658
1658
1658
1658
1658
1658
1658
1658
1658
1658
1658
1658
1658
1658
1658
1658
1658
1658
1658
1658
1658
1658
1658
1658
1658
1658
1658
1658
1.000000024
1
1
1
1658
1658
1658
1658
1658
1658
1658
1658
1658
1658
1658
1658
1658
1658
1658
1658
1658
1658
1658
1658
1658
1658
1658
1658
1658
1658
1658
1658
1658
1658
1
1
1
1
1
1
1
1
1
1
1
1
1
1.000000543
1658
1658
1658
1658
1658
1658
1658
1658
1658
1658
1658
1658
1658
1658
1658
1658
1658
1658
1658
1658
1658
1658
1658
1658
1658
1658
1658
1658
1658
1658
1658
1658
1.000000361
1
1
1
1658
1658
1658
1658
1658
1658
1658
1658
1658
1658
1658
1658
1658
1658
1658
1658
1658
1658
1658
1658
1658
1658
1658
1658
1658
1658
1658
1658
1658
1658
1
1
1
1
1
1
1
1
1
1
1
1
1
1658
1658
1658
1658
1658
1658
1658
1658
1658
1658
1658
1658
1658
1658
1658
1658
1658
1658
1658
1658
1658
1658
1658
1658
1658
1658
1658
1658
1658
1658
1658
1658
1658
1658
1
1
1
1658
1658
1658
1658
1658
1658
1658
1658
1658
1658
1658
1658
1658
1658
1658
1658
1658
1658
1658
1658
1658
1658
1658
1658
1658
1658
1658
1658
1658
1658
1
1
1
1
1
1
1
1
1
1
1
1.00000005
1658
1658
1658
1658
1658
1658
1658
1658
1658
1658
1658
1658
1658
1658
1658
1658
1658
1658
1658
1658
1658
1658
1658
1658
1658
1658
1658
1658
1658
1658
1658
1658
1658
1658
1658
1657.999999
1.000000698
1.000000397
1658
1658
1658
1658
1658
1658
1658
1658
1658
1658
1658
1658
1658
1658
1658
1658
1658
1658
1658
1658
1658
1658
1658
1658
1658
1658
1658
1658
1658
1658
1
1
1
1
1
1
1
1
1
1
1
1.000000419
1658
1658
1658
1658
1658
1658
1658
1658
1658
1658
1658
1658
1658
1658
1658
1658
1658
1658
1658
1658
1658
1658
1658
1658
1658
1658
1658
1658
1658
1658
1658
1658
1658
1658
1658
1658
1.000000283
1
1658
1658
1658
1658
1658
1658
1658
1658
1658
1658
1658
1658
1658
1658
1658
1658
1658
1658
1658
1658
1658
1658
1658
1658
1658
1658
1658
1658
1658
1658
1
1
1
1
1
1
1
1
1
1
1
1658
1658
1658
1658
1658
1658
1658
1658
1658
1658
1658
1658
1658
1658
1658
1658
1658
1658
1658
1658
1658
1658
1658
1658
1658
1658
1658
1658
1658
1658
1658
1658
1658
1658
1658
1658
1658
1658
1.000000191
1658
1658
1658
1658
1658
1658
1658
1658
1658
1658
1658
1658
1658
1658
1658
1658
1658
1658
1658
1658
1658
1658
1658
1658
1658
1658
1658
1658
1658
1658
1
1
1
1
1
1
1
1
1
1
1
1658
1658
1658
1658
1658
1658
1658
1658
1658
1658
1658
1658
1658
1658
1658
1658
1658
1658
1658
1658
1658
1658
1658
1658
1658
1658
1658
1658
1658
1658
1658
1658
1658
1658
1658
1658
1658
1658
1.000000058
1658
1658
1658
1658
1658
1658
1658
1658
1658
1658
1658
1658
1658
1658
1658
1658
1658
1658
1658
1658
1658
1658
1658
1658
1658
1658
1658
1658
1658
1658
1
1
1
1
1
1
1
1
1
1
1.000000438
1658
1658
1658
1658
1658
1658
1658
1658
1658
1658
1658
1658
1658
1658
1658
1658
1658
1658
1658
1658
1658
1658
1658
1658
1658
1658
1658
1658
1658
1658
1658
1658
1658
1658
1658
1658
1658
1658
1.000001361
1658
1658
1658
1658
1658
1658
1658
1658
1658
1658
1658
1658
1658
1658
1658
1658
1658
1658
1658
1658
1658
1658
1658
1658
1658
1658
1658
1658
1658
1658
1
1
1
1
1
1
1
1
1
1
1.000000737
1658
1658
1658
1658
1658
1658
1658
1658
1658
1658
1658
1658
1658
1658
1658
1658
1658
1658
1658
1658
1658
1658
1658
1658
1658
1658
1658
1658
1658
1658
1658
1658
1658
1658
1658
1658
1658
1658
1
1658
1658
1658
1658
1658
1658
1658
1658
1658
1658
1658
1658
1658
1658
1658
1658
1658
1658
1658
1658
1658
1658
1658
1658
1658
1658
1658
1658
1658
1658
1
1
1
1
1
1
1
1
1
1
1658
1658
1658
1658
1658
1658
1658
1658
1658
1658
1658
1658
1658
1658
1658
1658
1658
1658
1658
1658
1658
1658
1658
1658
1658
1658
1658
1658
1658
1658
1658
1658
1658
1658
1658
1658
1658
1658
1658
1658
1658
1658
1658
1658
1658
1658
1658
1658
1658
1658
1658
1658
1658
1658
1658
1658
1658
1658
1658
1658
1658
1658
1658
1658
1658
1658
1658
1658
1658
1658
1
1
1
1
1
1
1
1
1
1
1658
1658
1658
1658
1658
1658
1658
1658
1658
1658
1658
1658
1658
1658
1658
1658
1658
1658
1658
1658
1658
1658
1658
1658
1658
1658
1658
1658
1658
1658
1658
1658
1658
1658
1658
1658
1658
1658
1658
1658
1658
1658
1658
1658
1658
1658
1658
1658
1658
1658
1658
1658
1658
1658
1658
1658
1658
1658
1658
1658
1658
1658
1658
1658
1658
1658
1658
1658
1658
1658
1
1
1
1
1
1
1
1
1
1.000000102
1658
1658
1658
1658
1658
1658
1658
1658
1658
1658
1658
1658
1658
1658
1658
1658
1658
1658
1658
1658
1658
1658
1658
1658
1658
1658
1658
1658
1658
1658
1658
1658
1658
1658
1658
1658
1658
1658
1658
1658
1658
1658
1658
1658
1658
1658
1658
1658
1658
1658
1658
1658
1658
1658
1658
1658
1658
1658
1658
1658
1658
1658
1658
1658
1658
1658
1658
1658
1658
1658
1
1
1
1
1
1
1
1
1
1.000000054
1658
1658
1658
1658
1658
1658
1658
1658
1658
1658
1658
1658
1658
1658
1658
1658
1658
1658
1658
1658
1658
1658
1658
1658
1658
1658
1658
1658
1658
1658
1658
1658
1658
1658
1658
1658
1658
1658
1658
1658
1658
1658
1658
1658
1658
1658
1658
1658
1658
1658
1658
1658
1658
1658
1658
1658
1658
1658
1658
1658
1658
1658
1658
1658
1658
1658
1658
1658
1658
1658
1
1
1
1
1
1
1
1
1
1.000000055
1658
1658
1658
1658
1658
1658
1658
1658
1658
1658
1658
1658
1658
1658
1658
1658
1658
1658
1658
1658
1658
1658
1658
1658
1658
1658
1658
1658
1658
1658
1658
1658
1658
1658
1658
1658
1658
1658
1658
1658
1658
1658
1658
1658
1658
1658
1658
1658
1658
1658
1658
1658
1658
1658
1658
1658
1658
1658
1658
1658
1658
1658
1658
1658
1658
1658
1658
1658
1658
1658
1
1
1
1
1
1
1
1
1
1.000000102
1658
1658
1658
1658
1658
1658
1658
1658
1658
1658
1658
1658
1658
1658
1658
1658
1658
1658
1658
1658
1658
1658
1658
1658
1658
1658
1658
1658
1658
1658
1658
1658
1658
1658
1658
1658
1658
1658
1658
1658
1658
1658
1658
1658
1658
1658
1658
1658
1658
1658
1658
1658
1658
1658
1658
1658
1658
1658
1658
1658
1658
1658
1658
1658
1658
1658
1658
1658
1658
1658
1
1
1
1
1
1
1
1
1
1
1658
1658
1658
1658
1658
1658
1658
1658
1658
1658
1658
1658
1658
1658
1658
1658
1658
1658
1658
1658
1658
1658
1658
1658
1658
1658
1658
1658
1658
1658
1658
1658
1658
1658
1658
1658
1658
1658
1658
1658
1658
1658
1658
1658
1658
1658
1658
1658
1658
1658
1658
1658
1658
1658
1658
1658
1658
1658
1658
1658
1658
1658
1658
1658
1658
1658
1658
1658
1658
1658
1
1
1
1
1
1
1
1
1
1
1658
1658
1658
1658
1658
1658
1658
1658
1658
1658
1658
1658
1658
1658
1658
1658
1658
1658
1658
1658
1658
1658
1658
1658
1658
1658
1658
1658
1658
1658
1658
1658
1658
1658
1658
1658
1658
1658
1658
1658
1658
1658
1658
1658
1658
1658
1658
1658
1658
1658
1658
1658
1658
1658
1658
1658
1658
1658
1658
1658
1658
1658
1658
1658
1658
1658
1658
1658
1658
1658
1
1
1
1
1
1
1
1
1
1
1.000000738
1658
1658
1658
1658
1658
1658
1658
1658
1658
1658
1658
1658
1658
1658
1658
1658
1658
1658
1658
1658
1658
1658
1658
1658
1658
1658
1658
1658
1658
1658
1658
1658
1658
1658
1658
1658
1658
1658
1
1658
1658
1658
1658
1658
1658
1658
1658
1658
1658
1658
1658
1658
1658
1658
1658
1658
1658
1658
1658
1658
1658
1658
1658
1658
1658
1658
1658
1658
1658
1
1
1
1
1
1
1
1
1
1
1.000000439
1658
1658
1658
1658
1658
1658
1658
1658
1658
1658
1658
1658
1658
1658
1658
1658
1658
1658
1658
1658
1658
1658
1658
1658
1658
1658
1658
1658
1658
1658
1658
1658
1658
1658
1658
1658
1658
1658
1.000001362
1658
1658
1658
1658
1658
1658
1658
1658
1658
1658
1658
1658
1658
1658
1658
1658
1658
1658
1658
1658
1658
1658
1658
1658
1658
1658
1658
1658
1658
1658
1
1
1
1
1
1
1
1
1
1
1
1658
1658
1658
1658
1658
1658
1658
1658
1658
1658
1658
1658
1658
1658
1658
1658
1658
1658
1658
1658
1658
1658
1658
1658
1658
1658
1658
1658
1658
1658
1658
1658
1658
1658
1658
1658
1658
1658
1.00000006
1658
1658
1658
1658
1658
1658
1658
1658
1658
1658
1658
1658
1658
1658
1658
1658
1658
1658
1658
1658
1658
1658
1658
1658
1658
1658
1658
1658
1658
1658
1
1
1
1
1
1
1
1
1
1
1
1658
1658
1658
1658
1658
1658
1658
1658
1658
1658
1658
1658
1658
1658
1658
1658
1658
1658
1658
1658
1658
1658
1658
1658
1658
1658
1658
1658
1658
1658
1658
1658
1658
1658
1658
1658
1658
1658
1.000000193
1658
1658
1658
1658
1658
1658
1658
1658
1658
1658
1658
1658
1658
1658
1658
1658
1658
1658
1658
1658
1658
1658
1658
1658
1658
1658
1658
1658
1658
1658
1
1
1
1
1
1
1
1
1
1
1
1.000000421
1658
1658
1658
1658
1658
1658
1658
1658
1658
1658
1658
1658
1658
1658
1658
1658
1658
1658
1658
1658
1658
1658
1658
1658
1658
1658
1658
1658
1658
1658
1658
1658
1658
1658
1658
1658
1.000000289
1
1658
1658
1658
1658
1658
1658
1658
1658
1658
1658
1658
1658
1658
1658
1658
1658
1658
1658
1658
1658
1658
1658
1658
1658
1658
1658
1658
1658
1658
1658
1
1
1
1
1
1
1
1
1
1
1
1.00000005
1658
1658
1658
1658
1658
1658
1658
1658
1658
1658
1658
1658
1658
1658
1658
1658
1658
1658
1658
1658
1658
1658
1658
1658
1658
1658
1658
1658
1658
1658
1658
1658
1658
1658
1658
1657.999999
1.000000703
1.000000405
1658
1658
1658
1658
1658
1658
1658
1658
1658
1658
1658
1658
1658
1658
1658
1658
1658
1658
1658
1658
1658
1658
1658
1658
1658
1658
1658
1658
1658
1658
1
1
1
1
1
1
1
1
1
1
1
1
1
1658
1658
1658
1658
1658
1658
1658
1658
1658
1658
1658
1658
1658
1658
1658
1658
1658
1658
1658
1658
1658
1658
1658
1658
1658
1658
1658
1658
1658
1658
1658
1658
1658
1658
1
1
1
1658
1658
1658
1658
1658
1658
1658
1658
1658
1658
1658
1658
1658
1658
1658
1658
1658
1658
1658
1658
1658
1658
1658
1658
1658
1658
1658
1658
1658
1658
1
1
1
1
1
1
1
1
1
1
1
1
1
1.000000547
1658
1658
1658
1658
1658
1658
1658
1658
1658
1658
1658
1658
1658
1658
1658
1658
1658
1658
1658
1658
1658
1658
1658
1658
1658
1658
1658
1658
1658
1658
1658
1658
1.000000382
1
1
1
1658
1658
1658
1658
1658
1658
1658
1658
1658
1658
1658
1658
1658
1658
1658
1658
1658
1658
1658
1658
1658
1658
1658
1658
1658
1658
1658
1658
1658
1658
1
1
1
1
1
1
1
1
1
1
1
1
1
1.000000055
1658
1658
1658
1658
1658
1658
1658
1658
1658
1658
1658
1658
1658
1658
1658
1658
1658
1658
1658
1658
1658
1658
1658
1658
1658
1658
1658
1658
1658
1658
1658
1658
1.000000032
1
1
1
1658
1658
1658
1658
1658
1658
1658
1658
1658
1658
1658
1658
1658
1658
1658
1658
1658
1658
1658
1658
1658
1658
1658
1658
1658
1658
1658
1658
1658
1658
1
1
1
1
1
1
1
1
1
1
1
1
1
1
1
1658
1658
1658
1658
1658
1658
1658
1658
1658
1658
1658
1658
1658
1658
1658
1658
1658
1658
1658
1658
1658
1658
1658
1658
1658
1658
1658
1658
1658
1658
1
1
1
1
1
1658
1658
1658
1658
1658
1658
1658
1658
1658
1658
1658
1658
1658
1658
1658
1658
1658
1658
1658
1658
1658
1658
1658
1658
1658
1658
1658
1658
1658
1658
1
1
1
1
1
1
1
1
1
1
1
1
1
1
1
1.00000006
1658
1658
1658
1658
1658
1658
1658
1658
1658
1658
1658
1658
1658
1658
1658
1658
1658
1658
1658
1658
1658
1658
1658
1658
1658
1658
1658
1658
1.000000023
1
1
1
1
1
1658
1658
1658
1658
1658
1658
1658
1658
1658
1658
1658
1658
1658
1658
1658
1658
1658
1658
1658
1658
1658
1658
1658
1658
1658
1658
1658
1658
1658
1658
1
1
1
1
1
1
1
1
1
1
1
1
1
1
1
1
1
1658
1658
1658
1658
1658
1658
1658
1658
1658
1658
1658
1658
1658
1658
1658
1658
1658
1658
1658
1658
1658
1658
1658
1658
1658
1658
1
1
1
1
1
1
1
1658
1658
1658
1658
1658
1658
1658
1658
1658
1658
1658
1658
1658
1658
1658
1658
1658
1658
1658
1658
1658
1658
1658
1658
1658
1658
1658
1658
1658
1658
1
1
1
1
1
1
1
1
1
1
1
1
1
1
1
1
1
1.000000055
1.000000546
1658
1658
1658
1658
1658
1658
1658
1658
1658
1658
1658
1658
1658
1658
1658
1658
1658
1658
1658
1658
1658
1658
1.000000524
1.000000047
1
1
1
1
1
1
1
1658
1658
1658
1658
1658
1658
1658
1658
1658
1658
1658
1658
1658
1658
1658
1658
1658
1658
1658
1658
1658
1658
1658
1658
1658
1658
1658
1658
1658
1658
1
1
1
1
1
1
1
1
1
1
1
1
1
1
1
1
1
1
1
1
1658
1658
1658
1658
1658
1658
1658
1658
1658
1658
1658
1658
1658
1658
1658
1658
1658
1658
1658
1658
1
1
1
1
1
1
1
1
1
1
1658
1658
1658
1658
1658
1658
1658
1658
1658
1658
1658
1658
1658
1658
1658
1658
1658
1658
1658
1658
1658
1658
1658
1658
1658
1658
1658
1658
1658
1658
1
1
1
1
1
1
1
1
1
1
1
1
1
1
1
1
1
1
1
1
1.00000005
1.00000042
1658
1658
1658
1658
1658
1658
1658
1658
1658
1658
1658
1658
1658
1658
1658
1658
1.00000041
1.000000046
1
1
1
1
1
1
1
1
1
1
1658
1658
1658
1658
1658
1658
1658
1658
1658
1658
1658
1658
1658
1658
1658
1658
1658
1658
1658
1658
1658
1658
1658
1658
1658
1658
1658
1658
1658
1658
1
1
1
1
1
1
1
1
1
1
1
1
1
1
1
1
1
1
1
1
1
1
1
1
1.000000438
1.000000736
1658
1658
1658
1658
1658
1658
1658
1658
1.00000073
1.000000434
1
1
1
1
1
1
1
1
1
1
1
1
1
1
1658
1658
1658
1658
1658
1658
1658
1658
1658
1658
1658
1658
1658
1658
1658
1658
1658
1658
1658
1658
1658
1658
1658
1658
1658
1658
1658
1658
1658
1658
1
1
1
1
1
1
1
1
1
1
1
1
1
1
1
1
1
1
1
1
1
1
1
1
1
1
1
1
1.000000101
1.000000052
1.000000052
1.0000001
1
1
1
1
1
1
1
1
1
1
1
1
1
1
1
1
1
1
1658
1658
1658
1658
1658
1658
1658
1658
1658
1658
1658
1658
1658
1658
1658
1658
1658
1658
1658
1658
1658
1658
1658
1658
1658
1658
1658
1658
1658
1658
1
1
1
1
1
1
1
1
1
1
1
1
1
1
1
1
1
1
1
1
1
1
1
1
1
1
1
1
1
1
1
1
1
1
1
1
1
1
1
1
1
1
1
1
1
1
1
1
1
1
1658
1658
1658
1658
1658
1658
1658
1658
1658
1658
1658
1658
1658
1658
1658
1658
1658
1658
1658
1658
1658
1658
1658
1658
1658
1658
1658
1658
1658
1658
1
1
1
1
1
1
1
1
1
1
1
1
1
1
1
1
1
1
1
1
1
1
1
1
1
1
1
1
1
1
1
1
1
1
1
1
1
1
1
1
1
1
1
1
1
1
1
1
1
1
1658
1658
1658
1658
1658
1658
1658
1658
1658
1658
1658
1658
1658
1658
1658
1658
1658
1658
1658
1658
1658
1658
1658
1658
1658
1658
1658
1658
1658
1658
1
1
1
1
1
1
1
1
1
1
1
1
1
1
1
1
1
1
1
1
1
1
1
1
1
1
1
1
1
1
1
1
1
1
1
1
1
1
1
1
1
1
1
1
1
1
1
1
1
1
1658
1658
1658
1658
1658
1658
1658
1658
1658
1658
1658
1658
1658
1658
1658
1658
1658
1658
1658
1658
1658
1658
1658
1658
1658
1658
1658
1658
1658
1658
1
1
1
1
1
1
1
1
1
1
1
1
1
1
1
1
1
1
1
1
1
1
1
1
1
1
1
1
1
1
1
1
1
1
1
1
1
1
1
1
1
1
1
1
1
1
1
1
1
1
1658
1658
1658
1658
1658
1658
1658
1658
1658
1658
1658
1658
1658
1658
1658
1658
1658
1658
1658
1658
1658
1658
1658
1658
1658
1658
1658
1658
1658
1658
1
1
1
1
1
1
1
1
1
1
1
1
1
1
1
1
1
1
1
1
1
1
1
1
1
1
1
1
1
1
1
1
1
1
1
1
1
1
1
1
1
1
1
1
1
1
1
1
1
1
1658
1658
1658
1658
1658
1658
1658
1658
1658
1658
1658
1658
1658
1658
1658
1658
1658
1658
1658
1658
1658
1658
1658
1658
1658
1658
1658
1658
1658
1658
1
1
1
1
1
1
1
1
1
1
1
1
1
1
1
1
1
1
1
1
1
1
1
1
1
1
1
1
1
1
1
1
1
1
1
1
1
1
1
1
1
1
1
1
1
1
1
1
1
1
1658
1658
1658
1658
1658
1658
1658
1658
1658
1658
1658
1658
1658
1658
1658
1658
1658
1658
1658
1658
1658
1658
1658
1658
1658
1658
1658
1658
1658
1658
1
1
1
1
1
1
1
1
1
1
1
1
1
1
1
1
1
1
1
1
1
1
1
1
1
1
1
1
1
1
1
1
1
1
1
1
1
1
1
1
1
1
1
1
1
1
1
1
1
1
1658
1658
1658
1658
1658
1658
1658
1658
1658
1658
1658
1658
1658
1658
1658
1658
1658
1658
1658
1658
1658
1658
1658
1658
1658
1658
1658
1658
1658
1658
1
1
1
1
1
1
1
1
1
1
1
1
1
1
1
1
1
1
1
1
1
1
1
1
1
1
1
1
1
1
1
1
1
1
1
1
1
1
1
1
1
1
1
1
1
1
1
1
1
1
1658
1658
1658
1658
1658
1658
1658
1658
1658
1658
1658
1658
1658
1658
1658
1658
1658
1658
1658
1658
1658
1658
1658
1658
1658
1658
1658
1658
1658
1658
1
1
1
1
1
1
1
1
1
1
1
1
1
1
1
1
1
1
1
1
1
1
1
1
1
1
1
1
1
1
1
1
1
1
1
1
1
1
1
1
1
1
1
1
1
1
1
1
1
1
1658
1658
1658
1658
1658
1658
1658
1658
1658
1658
1658
1658
1658
1658
1658
1658
1658
1658
1658
1658
1658
1658
1658
1658
1658
1658
1658
1658
1658
1658
1
1
1
1
1
1
1
1
1
1
1
1
1
1
1
1
1
1
1
1
1
1
1
1
1
1
1
1
1
1
1
1
1
1
1
1
1
1
1
1
1
1
1
1
1
1
1
1
1
1
1658
1658
1658
1658
1658
1658
1658
1658
1658
1658
1658
1658
1658
1658
1658
1658
1658
1658
1658
1658
1658
1658
1658
1658
1658
1658
1658
1658
1658
1658
1
1
1
1
1
1
1
1
1
1
1
1
1
1
1
1
1
1
1
1
1
1
1
1
1
1
1
1
1
1
1
1
1
1
1
1
1
1
1
1
1
1
1
1
1
1
1
1
1
1
1658
1658
1658
1658
1658
1658
1658
1658
1658
1658
1658
1658
1658
1658
1658
1658
1658
1658
1658
1658
1658
1658
1658
1658
1658
1658
1658
1658
1658
1658
1
1
1
1
1
1
1
1
1
1
1
1
1
1
1
1
1
1
1
1
1
1
1
1
1
1
1
1
1
1
1
1
1
1
1
1
1
1
1
1
1
1
1
1
1
1
1
1
1
1
1658
1658
1658
1658
1658
1658
1658
1658
1658
1658
1658
1658
1658
1658
1658
1658
1658
1658
1658
1658
1658
1658
1658
1658
1658
1658
1658
1658
1658
1658
1
1
1
1
1
1
1
1
1
1
1
1
1
1
1
1
1
1
1
1
1
1
1
1
1
1
1
1
1
1
1
1
1
1
1
1
1
1
1
1
1
1
1
1
1
1
1
1
1
1
1658
1658
1658
1658
1658
1658
1658
1658
1658
1658
1658
1658
1658
1658
1658
1658
1658
1658
1658
1658
1658
1658
1658
1658
1658
1658
1658
1658
1658
1658
1
1
1
1
1
1
1
1
1
1
1
1
1
1
1
1
1
1
1
1
1
1
1
1
1
1
1
1
1
1
1
1
1
1
1
1
1
1
1
1
1
1
1
1
1
1
1
1
1
1
1658
1658
1658
1658
1658
1658
1658
1658
1658
1658
1658
1658
1658
1658
1658
1658
1658
1658
1658
1658
1658
1658
1658
1658
1658
1658
1658
1658
1658
1658
1
1
1
1
1
1
1
1
1
1
1
1
1
1
1
1
1
1
1
1
1
1
1
1
1
1
1
1
1
1
1
1
1
1
1
1
1
1
1
1
1
1
1
1
1
1
1
1
1
1
1658
1658
1658
1658
1658
1658
1658
1658
1658
1658
1658
1658
1658
1658
1658
1658
1658
1658
1658
1658
1658
1658
1658
1658
1658
1658
1658
1658
1658
1658
1
1
1
1
1
1
1
1
1
1
1
1
1
1
1
1
1
1
1
1
1
1
1
1
1
1
1
1
1
1
1
1
1
1
1
1
1
1
1
1
1
1
1
1
1
1
1
1
1
1
1658
1658
1658
1658
1658
1658
1658
1658
1658
1658
1658
1658
1658
1658
1658
1658
1658
1658
1658
1658
1658
1658
1658
1658
1658
1658
1658
1658
1658
1658
1
1
1
1
1
1
1
1
1
1
1
1
1
1
1
1
1
1
1
1
1
1
1
1
1
1
1
1
1
1
1
1
1
1
1
1
1
1
1
1
1
1
1
1
1
1
1
1
1
1
1658
1658
1658
1658
1658
1658
1658
1658
1658
1658
1658
1658
1658
1658
1658
1658
1658
1658
1658
1658
1658
1658
1658
1658
1658
1658
1658
1658
1658
1658
1
1
1
1
1
1
1
1
1
1
1
1
1
1
1
1
1
1
1
1
1
1
1
1
1
1
1
1
1
1
1
1
1
1
1
1
1
1
1
1
1
1
1
1
1
1
1
1
1
1
1658
1658
1658
1658
1658
1658
1658
1658
1658
1658
1658
1658
1658
1658
1658
1658
1658
1658
1658
1658
1658
1658
1658
1658
1658
1658
1658
1658
1658
1658
1
1
1
1
1
1
1
1
1
1
1
1
1
1
1
1
1
1
1
1
1
1
1
1
1
1
1
1
1
1
1
1
1
1
1
1
1
1
1
1
1
1
1
1
1
1
1
1
1
1
1658
1658
1658
1658
1658
1658
1658
1658
1658
1658
1658
1658
1658
1658
1658
1658
1658
1658
1658
1658
1658
1658
1658
1658
1658
1658
1658
1658
1658
1658
)
;

boundaryField
{
    lowerWall
    {
        type            calculated;
        value           uniform 1658;
    }
    atmosphere
    {
        type            calculated;
        value           uniform 1;
    }
    rightWall
    {
        type            empty;
    }
    leftWall
    {
        type            empty;
    }
    frontAndBack
    {
        type            calculated;
        value           nonuniform List<scalar> 
160
(
1
1
1
1
1
1
1
1
1
1
1
1
1
1
1
1
1
1
1
1
1
1
1
1
1
1
1
1
1
1
1
1
1
1
1
1
1
1
1
1
1
1
1
1
1
1
1
1
1
1
1658
1658
1658
1658
1658
1658
1658
1658
1658
1658
1658
1658
1658
1658
1658
1658
1658
1658
1658
1658
1658
1658
1658
1658
1658
1658
1658
1658
1658
1658
1
1
1
1
1
1
1
1
1
1
1
1
1
1
1
1
1
1
1
1
1
1
1
1
1
1
1
1
1
1
1
1
1
1
1
1
1
1
1
1
1
1
1
1
1
1
1
1
1
1
1658
1658
1658
1658
1658
1658
1658
1658
1658
1658
1658
1658
1658
1658
1658
1658
1658
1658
1658
1658
1658
1658
1658
1658
1658
1658
1658
1658
1658
1658
)
;
    }
}


// ************************************************************************* //
