/*--------------------------------*- C++ -*----------------------------------*\
  =========                 |
  \\      /  F ield         | OpenFOAM: The Open Source CFD Toolbox
   \\    /   O peration     | Website:  https://openfoam.org
    \\  /    A nd           | Version:  10
     \\/     M anipulation  |
\*---------------------------------------------------------------------------*/
FoamFile
{
    format      ascii;
    class       volScalarField;
    location    "0.008";
    object      cp;
}
// * * * * * * * * * * * * * * * * * * * * * * * * * * * * * * * * * * * * * //

dimensions      [0 2 -2 -1 0 0 0];

internalField   nonuniform List<scalar> 
19200
(
520
520
520
520
520
520
520
520
520
520
520
520
520
520
520
520
520
520
520
520
520
520
520
520
520
520
520
520
520
520
520
520
520
520
520
520
520
520
520
520
520
520
520
520
520
520
520
520
520
520
600
600
600
600
600
600
600
600
600
600
600
600
600
600
600
600
600
600
600
600
600
600
600
600
600
600
600
600
600
600
520
520
520
520
520
520
520
520
520
520
520
520
520
520
520
520
520
520
520
520
520
520
520
520
520
520
520
520
520
520
520
520
520
520
520
520
520
520
520
520
520
520
520
520
520
520
520
520
520
520
600
600
600
600
600
600
600
600
600
600
600
600
600
600
600
600
600
600
600
600
600
600
600
600
600
600
600
600
600
600
520
520
520
520
520
520
520
520
520
520
520
520
520
520
520
520
520
520
520
520
520
520
520
520
520
520
520
520
520
520
520
520
520
520
520
520
520
520
520
520
520
520
520
520
520
520
520
520
520
520
600
600
600
600
600
600
600
600
600
600
600
600
600
600
600
600
600
600
600
600
600
600
600
600
600
600
600
600
600
600
520
520
520
520
520
520
520
520
520
520
520
520
520
520
520
520
520
520
520
520
520
520
520
520
520
520
520
520
520
520
520
520
520
520
520
520
520
520
520
520
520
520
520
520
520
520
520
520
520
520
600
600
600
600
600
600
600
600
600
600
600
600
600
600
600
600
600
600
600
600
600
600
600
600
600
600
600
600
600
600
520
520
520
520
520
520
520
520
520
520
520
520
520
520
520
520
520
520
520
520
520
520
520
520
520
520
520
520
520
520
520
520
520
520
520
520
520
520
520
520
520
520
520
520
520
520
520
520
520
520
600
600
600
600
600
600
600
600
600
600
600
600
600
600
600
600
600
600
600
600
600
600
600
600
600
600
600
600
600
600
520
520
520
520
520
520
520
520
520
520
520
520
520
520
520
520
520
520
520
520
520
520
520
520
520
520
520
520
520
520
520
520
520
520
520
520
520
520
520
520
520
520
520
520
520
520
520
520
520
520
600
600
600
600
600
600
600
600
600
600
600
600
600
600
600
600
600
600
600
600
600
600
600
600
600
600
600
600
600
600
520
520
520
520
520
520
520
520
520
520
520
520
520
520
520
520
520
520
520
520
520
520
520
520
520
520
520
520
520
520
520
520
520
520
520
520
520
520
520
520
520
520
520
520
520
520
520
520
520
520
600
600
600
600
600
600
600
600
600
600
600
600
600
600
600
600
600
600
600
600
600
600
600
600
600
600
600
600
600
600
520
520
520
520
520
520
520
520
520
520
520
520
520
520
520
520
520
520
520
520
520
520
520
520
520
520
520
520
520
520
520
520
520
520
520
520
520
520
520
520
520
520
520
520
520
520
520
520
520
520
600
600
600
600
600
600
600
600
600
600
600
600
600
600
600
600
600
600
600
600
600
600
600
600
600
600
600
600
600
600
520
520
520
520
520
520
520
520
520
520
520
520
520
520
520
520
520
520
520
520
520
520
520
520
520
520
520
520
520
520
520
520
520
520
520
520
520
520
520
520
520
520
520
520
520
520
520
520
520
520
600
600
600
600
600
600
600
600
600
600
600
600
600
600
600
600
600
600
600
600
600
600
600
600
600
600
600
600
600
600
520
520
520
520
520
520
520
520
520
520
520
520
520
520
520
520
520
520
520
520
520
520
520
520
520
520
520
520
520
520
520
520
520
520
520
520
520
520
520
520.0000001
520.0000001
520
520
520
520
520
520
520
520
520
600
600
600
600
600
600
600
600
600
600
600
600
600
600
600
600
600
600
600
600
600
600
600
600
600
600
600
600
600
600
520
520
520
520
520
520
520
520
520
520
520
520
520
520
520
520
520
520
520
520
520
520
520
520
520
520
520
520
520
520
520
520
520
520
520
520
520.0000002
600
600
600
600
600
600
520.0000002
520
520
520
520
520
520
600
600
600
600
600
600
600
600
600
600
600
600
600
600
600
600
600
600
600
600
600
600
600
600
600
600
600
600
600
600
520
520
520
520
520
520
520
520
520
520
520
520
520
520
520
520
520
520
520
520
520
520
520
520
520
520
520
520
520
520
520
520
520
520
520.0000001
600
600
600
600
600
600
600
600
600
600
520.0000001
520
520
520
520
600
600
600
600
600
600
600
600
600
600
600
600
600
600
600
600
600
600
600
600
600
600
600
600
600
600
600
600
600
600
520
520
520
520
520
520
520
520
520
520
520
520
520
520
520
520
520
520
520
520
520
520
520
520
520
520
520
520
520
520
520
520
520
600
600
600
600
600
600
600
600
600
600
600
600
600
599.9999999
520
520
520
600
600
600
600
600
600
600
600
600
600
600
600
600
600
600
600
600
600
600
600
600
600
600
600
600
600
600
600
600
600
520
520
520
520
520
520
520
520
520
520
520
520
520
520
520
520
520
520
520
520
520
520
520
520
520
520
520
520
520
520
520
520
600
600
600
600
600
600
600
600
600
600
600
600
600
600
600
599.9999999
520.0000003
520.0000001
600
600
600
600
600
600
600
600
600
600
600
600
600
600
600
600
600
600
600
600
600
600
600
600
600
600
600
600
600
600
520
520
520
520
520
520
520
520
520
520
520
520
520
520
520
520
520
520
520
520
520
520
520
520
520
520
520
520
520
520
520
520.0000001
600
600
600
600
600
600
600
600
600
600
600
600
600
600
600
600
520.0000001
520
600
600
600
600
600
600
600
600
600
600
600
600
600
600
600
600
600
600
600
600
600
600
600
600
600
600
600
600
600
600
520
520
520
520
520
520
520
520
520
520
520
520
520
520
520
520
520
520
520
520
520
520
520
520
520
520
520
520
520
520
520
600
600
600
600
600
600
600
600
600
600
600
600
600
600
600
600
600
600
520.0000006
600
600
600
600
600
600
600
600
600
600
600
600
600
600
600
600
600
600
600
600
600
600
600
600
600
600
600
600
600
600
520
520
520
520
520
520
520
520
520
520
520
520
520
520
520
520
520
520
520
520
520
520
520
520
520
520
520
520
520
520
520.0000002
600
600
600
600
600
600
600
600
600
600
600
600
600
600
600
600
600
600
520
600
600
600
600
600
600
600
600
600
600
600
600
600
600
600
600
600
600
600
600
600
600
600
600
600
600
600
600
600
600
520
520
520
520
520
520
520
520
520
520
520
520
520
520
520
520
520
520
520
520
520
520
520
520
520
520
520
520
520
520
600
600
600
600
600
600
600
600
600
600
600
600
600
600
600
600
600
600
600
600
600
600
600
600
600
600
600
600
600
600
600
600
600
600
600
600
600
600
600
600
600
600
600
600
600
600
600
600
600
600
520
520
520
520
520
520
520
520
520
520
520
520
520
520
520
520
520
520
520
520
520
520
520
520
520
520
520
520
520
520
600
600
600
600
600
600
600
600
600
600
600
600
600
600
600
600
600
600
600
600
600
600
600
600
600
600
600
600
600
600
600
600
600
600
600
600
600
600
600
600
600
600
600
600
600
600
600
600
600
600
520
520
520
520
520
520
520
520
520
520
520
520
520
520
520
520
520
520
520
520
520
520
520
520
520
520
520
520
520
520.0000001
600
600
600
600
600
600
600
600
600
600
600
600
600
600
600
600
600
600
600
600
600
600
600
600
600
600
600
600
600
600
600
600
600
600
600
600
600
600
600
600
600
600
600
600
600
600
600
600
600
600
520
520
520
520
520
520
520
520
520
520
520
520
520
520
520
520
520
520
520
520
520
520
520
520
520
520
520
520
520
520.0000001
600
600
600
600
600
600
600
600
600
600
600
600
600
600
600
600
600
600
600
600
600
600
600
600
600
600
600
600
600
600
600
600
600
600
600
600
600
600
600
600
600
600
600
600
600
600
600
600
600
600
520
520
520
520
520
520
520
520
520
520
520
520
520
520
520
520
520
520
520
520
520
520
520
520
520
520
520
520
520
520
600
600
600
600
600
600
600
600
600
600
600
600
600
600
600
600
600
600
600
600
600
600
600
600
600
600
600
600
600
600
600
600
600
600
600
600
600
600
600
600
600
600
600
600
600
600
600
600
600
600
520
520
520
520
520
520
520
520
520
520
520
520
520
520
520
520
520
520
520
520
520
520
520
520
520
520
520
520
520
520
600
600
600
600
600
600
600
600
600
600
600
600
600
600
600
600
600
600
600
600
600
600
600
600
600
600
600
600
600
600
600
600
600
600
600
600
600
600
600
600
600
600
600
600
600
600
600
600
600
600
520
520
520
520
520
520
520
520
520
520
520
520
520
520
520
520
520
520
520
520
520
520
520
520
520
520
520
520
520
520
520.0000002
600
600
600
600
600
600
600
600
600
600
600
600
600
600
600
600
600
600
520
600
600
600
600
600
600
600
600
600
600
600
600
600
600
600
600
600
600
600
600
600
600
600
600
600
600
600
600
600
600
520
520
520
520
520
520
520
520
520
520
520
520
520
520
520
520
520
520
520
520
520
520
520
520
520
520
520
520
520
520
520
600
600
600
600
600
600
600
600
600
600
600
600
600
600
600
600
600
600
520.0000006
600
600
600
600
600
600
600
600
600
600
600
600
600
600
600
600
600
600
600
600
600
600
600
600
600
600
600
600
600
600
520
520
520
520
520
520
520
520
520
520
520
520
520
520
520
520
520
520
520
520
520
520
520
520
520
520
520
520
520
520
520
520.0000001
600
600
600
600
600
600
600
600
600
600
600
600
600
600
600
600
520.0000001
520
600
600
600
600
600
600
600
600
600
600
600
600
600
600
600
600
600
600
600
600
600
600
600
600
600
600
600
600
600
600
520
520
520
520
520
520
520
520
520
520
520
520
520
520
520
520
520
520
520
520
520
520
520
520
520
520
520
520
520
520
520
520
600
600
600
600
600
600
600
600
600
600
600
600
600
600
600
599.9999999
520.0000003
520.0000001
600
600
600
600
600
600
600
600
600
600
600
600
600
600
600
600
600
600
600
600
600
600
600
600
600
600
600
600
600
600
520
520
520
520
520
520
520
520
520
520
520
520
520
520
520
520
520
520
520
520
520
520
520
520
520
520
520
520
520
520
520
520
520
600
600
600
600
600
600
600
600
600
600
600
600
600
599.9999999
520
520
520
600
600
600
600
600
600
600
600
600
600
600
600
600
600
600
600
600
600
600
600
600
600
600
600
600
600
600
600
600
600
520
520
520
520
520
520
520
520
520
520
520
520
520
520
520
520
520
520
520
520
520
520
520
520
520
520
520
520
520
520
520
520
520
520
520.0000001
600
600
600
600
600
600
600
600
600
600
520.0000001
520
520
520
520
600
600
600
600
600
600
600
600
600
600
600
600
600
600
600
600
600
600
600
600
600
600
600
600
600
600
600
600
600
600
520
520
520
520
520
520
520
520
520
520
520
520
520
520
520
520
520
520
520
520
520
520
520
520
520
520
520
520
520
520
520
520
520
520
520
520
520.0000002
600
600
600
600
600
600
520.0000002
520
520
520
520
520
520
600
600
600
600
600
600
600
600
600
600
600
600
600
600
600
600
600
600
600
600
600
600
600
600
600
600
600
600
600
600
520
520
520
520
520
520
520
520
520
520
520
520
520
520
520
520
520
520
520
520
520
520
520
520
520
520
520
520
520
520
520
520
520
520
520
520
520
520
520
520.0000001
520.0000001
520
520
520
520
520
520
520
520
520
600
600
600
600
600
600
600
600
600
600
600
600
600
600
600
600
600
600
600
600
600
600
600
600
600
600
600
600
600
600
520
520
520
520
520
520
520
520
520
520
520
520
520
520
520
520
520
520
520
520
520
520
520
520
520
520
520
520
520
520
520
520
520
520
520
520
520
520
520
520
520
520
520
520
520
520
520
520
520
520
600
600
600
600
600
600
600
600
600
600
600
600
600
600
600
600
600
600
600
600
600
600
600
600
600
600
600
600
600
600
520
520
520
520
520
520
520
520
520
520
520
520
520
520
520
520
520
520
520
520
520
520
520
520
520
520
520
520
520
520
520
520
520
520
520
520
520
520
520
520
520
520
520
520
520
520
520
520
520
520
600
600
600
600
600
600
600
600
600
600
600
600
600
600
600
600
600
600
600
600
600
600
600
600
600
600
600
600
600
600
520
520
520
520
520
520
520
520
520
520
520
520
520
520
520
520
520
520
520
520
520
520
520
520
520
520
520
520
520
520
520
520
520
520
520
520
520
520
520
520.0000001
520.0000001
520
520
520
520
520
520
520
520
520
600
600
600
600
600
600
600
600
600
600
600
600
600
600
600
600
600
600
600
600
600
600
600
600
600
600
600
600
600
600
520
520
520
520
520
520
520
520
520
520
520
520
520
520
520
520
520
520
520
520
520
520
520
520
520
520
520
520
520
520
520
520
520
520
520
520
520.0000002
600
600
600
600
600
600
520.0000002
520
520
520
520
520
520
600
600
600
600
600
600
600
600
600
600
600
600
600
600
600
600
600
600
600
600
600
600
600
600
600
600
600
600
600
600
520
520
520
520
520
520
520
520
520
520
520
520
520
520
520
520
520
520
520
520
520
520
520
520
520
520
520
520
520
520
520
520
520
520
520.0000001
600
600
600
600
600
600
600
600
600
600
520.0000001
520
520
520
520
600
600
600
600
600
600
600
600
600
600
600
600
600
600
600
600
600
600
600
600
600
600
600
600
600
600
600
600
600
600
520
520
520
520
520
520
520
520
520
520
520
520
520
520
520
520
520
520
520
520
520
520
520
520
520
520
520
520
520
520
520
520
520
600
600
600
600
600
600
600
600
600
600
600
600
600
599.9999999
520
520
520
600
600
600
600
600
600
600
600
600
600
600
600
600
600
600
600
600
600
600
600
600
600
600
600
600
600
600
600
600
600
520
520
520
520
520
520
520
520
520
520
520
520
520
520
520
520
520
520
520
520
520
520
520
520
520
520
520
520
520
520
520
520
600
600
600
600
600
600
600
600
600
600
600
600
600
600
600
599.9999999
520.0000003
520.0000001
600
600
600
600
600
600
600
600
600
600
600
600
600
600
600
600
600
600
600
600
600
600
600
600
600
600
600
600
600
600
520
520
520
520
520
520
520
520
520
520
520
520
520
520
520
520
520
520
520
520
520
520
520
520
520
520
520
520
520
520
520
520.0000001
600
600
600
600
600
600
600
600
600
600
600
600
600
600
600
600
520.0000001
520
600
600
600
600
600
600
600
600
600
600
600
600
600
600
600
600
600
600
600
600
600
600
600
600
600
600
600
600
600
600
520
520
520
520
520
520
520
520
520
520
520
520
520
520
520
520
520
520
520
520
520
520
520
520
520
520
520
520
520
520
520
600
600
600
600
600
600
600
600
600
600
600
600
600
600
600
600
600
600
520.0000006
600
600
600
600
600
600
600
600
600
600
600
600
600
600
600
600
600
600
600
600
600
600
600
600
600
600
600
600
600
600
520
520
520
520
520
520
520
520
520
520
520
520
520
520
520
520
520
520
520
520
520
520
520
520
520
520
520
520
520
520
520.0000002
600
600
600
600
600
600
600
600
600
600
600
600
600
600
600
600
600
600
520
600
600
600
600
600
600
600
600
600
600
600
600
600
600
600
600
600
600
600
600
600
600
600
600
600
600
600
600
600
600
520
520
520
520
520
520
520
520
520
520
520
520
520
520
520
520
520
520
520
520
520
520
520
520
520
520
520
520
520
520
600
600
600
600
600
600
600
600
600
600
600
600
600
600
600
600
600
600
600
600
600
600
600
600
600
600
600
600
600
600
600
600
600
600
600
600
600
600
600
600
600
600
600
600
600
600
600
600
600
600
520
520
520
520
520
520
520
520
520
520
520
520
520
520
520
520
520
520
520
520
520
520
520
520
520
520
520
520
520
520
600
600
600
600
600
600
600
600
600
600
600
600
600
600
600
600
600
600
600
600
600
600
600
600
600
600
600
600
600
600
600
600
600
600
600
600
600
600
600
600
600
600
600
600
600
600
600
600
600
600
520
520
520
520
520
520
520
520
520
520
520
520
520
520
520
520
520
520
520
520
520
520
520
520
520
520
520
520
520
520.0000001
600
600
600
600
600
600
600
600
600
600
600
600
600
600
600
600
600
600
600
600
600
600
600
600
600
600
600
600
600
600
600
600
600
600
600
600
600
600
600
600
600
600
600
600
600
600
600
600
600
600
520
520
520
520
520
520
520
520
520
520
520
520
520
520
520
520
520
520
520
520
520
520
520
520
520
520
520
520
520
520.0000001
600
600
600
600
600
600
600
600
600
600
600
600
600
600
600
600
600
600
600
600
600
600
600
600
600
600
600
600
600
600
600
600
600
600
600
600
600
600
600
600
600
600
600
600
600
600
600
600
600
600
520
520
520
520
520
520
520
520
520
520
520
520
520
520
520
520
520
520
520
520
520
520
520
520
520
520
520
520
520
520
600
600
600
600
600
600
600
600
600
600
600
600
600
600
600
600
600
600
600
600
600
600
600
600
600
600
600
600
600
600
600
600
600
600
600
600
600
600
600
600
600
600
600
600
600
600
600
600
600
600
520
520
520
520
520
520
520
520
520
520
520
520
520
520
520
520
520
520
520
520
520
520
520
520
520
520
520
520
520
520
600
600
600
600
600
600
600
600
600
600
600
600
600
600
600
600
600
600
600
600
600
600
600
600
600
600
600
600
600
600
600
600
600
600
600
600
600
600
600
600
600
600
600
600
600
600
600
600
600
600
520
520
520
520
520
520
520
520
520
520
520
520
520
520
520
520
520
520
520
520
520
520
520
520
520
520
520
520
520
520
520.0000002
600
600
600
600
600
600
600
600
600
600
600
600
600
600
600
600
600
600
520
600
600
600
600
600
600
600
600
600
600
600
600
600
600
600
600
600
600
600
600
600
600
600
600
600
600
600
600
600
600
520
520
520
520
520
520
520
520
520
520
520
520
520
520
520
520
520
520
520
520
520
520
520
520
520
520
520
520
520
520
520
600
600
600
600
600
600
600
600
600
600
600
600
600
600
600
600
600
600
520.0000006
600
600
600
600
600
600
600
600
600
600
600
600
600
600
600
600
600
600
600
600
600
600
600
600
600
600
600
600
600
600
520
520
520
520
520
520
520
520
520
520
520
520
520
520
520
520
520
520
520
520
520
520
520
520
520
520
520
520
520
520
520
520.0000001
600
600
600
600
600
600
600
600
600
600
600
600
600
600
600
600
520.0000001
520
600
600
600
600
600
600
600
600
600
600
600
600
600
600
600
600
600
600
600
600
600
600
600
600
600
600
600
600
600
600
520
520
520
520
520
520
520
520
520
520
520
520
520
520
520
520
520
520
520
520
520
520
520
520
520
520
520
520
520
520
520
520
600
600
600
600
600
600
600
600
600
600
600
600
600
600
600
599.9999999
520.0000003
520.0000001
600
600
600
600
600
600
600
600
600
600
600
600
600
600
600
600
600
600
600
600
600
600
600
600
600
600
600
600
600
600
520
520
520
520
520
520
520
520
520
520
520
520
520
520
520
520
520
520
520
520
520
520
520
520
520
520
520
520
520
520
520
520
520
600
600
600
600
600
600
600
600
600
600
600
600
600
599.9999999
520
520
520
600
600
600
600
600
600
600
600
600
600
600
600
600
600
600
600
600
600
600
600
600
600
600
600
600
600
600
600
600
600
520
520
520
520
520
520
520
520
520
520
520
520
520
520
520
520
520
520
520
520
520
520
520
520
520
520
520
520
520
520
520
520
520
520
520.0000001
600
600
600
600
600
600
600
600
600
600
520.0000001
520
520
520
520
600
600
600
600
600
600
600
600
600
600
600
600
600
600
600
600
600
600
600
600
600
600
600
600
600
600
600
600
600
600
520
520
520
520
520
520
520
520
520
520
520
520
520
520
520
520
520
520
520
520
520
520
520
520
520
520
520
520
520
520
520
520
520
520
520
520
520.0000002
600
600
600
600
600
600
520.0000002
520
520
520
520
520
520
600
600
600
600
600
600
600
600
600
600
600
600
600
600
600
600
600
600
600
600
600
600
600
600
600
600
600
600
600
600
520
520
520
520
520
520
520
520
520
520
520
520
520
520
520
520
520
520
520
520
520
520
520
520
520
520
520
520
520
520
520
520
520
520
520
520
520
520
520
520.0000001
520.0000001
520
520
520
520
520
520
520
520
520
600
600
600
600
600
600
600
600
600
600
600
600
600
600
600
600
600
600
600
600
600
600
600
600
600
600
600
600
600
600
520
520
520
520
520
520
520
520
520
520
520
520
520
520
520
520
520
520
520
520
520
520
520
520
520
520
520
520
520
520
520
520
520
520
520
520
520
520
520
520
520
520
520
520
520
520
520
520
520
520
600
600
600
600
600
600
600
600
600
600
600
600
600
600
600
600
600
600
600
600
600
600
600
600
600
600
600
600
600
600
520
520
520
520
520
520
520
520
520
520
520
520
520
520
520
520
520
520
520
520
520
520
520
520
520
520
520
520
520
520
520
520
520
520
520
520
520
520
520
520
520
520
520
520
520
520
520
520
520
520
600
600
600
600
600
600
600
600
600
600
600
600
600
600
600
600
600
600
600
600
600
600
600
600
600
600
600
600
600
600
520
520
520
520
520
520
520
520
520
520
520
520
520
520
520
520
520
520
520
520
520
520
520
520
520
520
520
520
520
520
520
520
520
520
520
520
520
520
520
520
520
520
520
520
520
520
520
520
520
520
600
600
600
600
600
600
600
600
600
600
600
600
600
600
600
600
600
600
600
600
600
600
600
600
600
600
600
600
600
600
520
520
520
520
520
520
520
520
520
520
520
520
520
520
520
520
520
520
520
520
520
520
520
520
520
520
520
520
520
520
520
520
520
520
520
520
520
520
520
520
520
520
520
520
520
520
520
520
520
520
600
600
600
600
600
600
600
600
600
600
600
600
600
600
600
600
600
600
600
600
600
600
600
600
600
600
600
600
600
600
520
520
520
520
520
520
520
520
520
520
520
520
520
520
520
520
520
520
520
520
520
520
520
520
520
520
520
520
520
520
520
520
520
520
520
520
520
520
520
520
520
520
520
520
520
520
520
520
520
520
600
600
600
600
600
600
600
600
600
600
600
600
600
600
600
600
600
600
600
600
600
600
600
600
600
600
600
600
600
600
520
520
520
520
520
520
520
520
520
520
520
520
520
520
520
520
520
520
520
520
520
520
520
520
520.0000002
520.0000003
599.9999999
600
600
600
600
600
600
599.9999999
520.0000003
520.0000002
520
520
520
520
520
520
520
520
520
520
520
520
520
520
600
600
600
600
600
600
600
600
600
600
600
600
600
600
600
600
600
600
600
600
600
600
600
600
600
600
600
600
600
600
520
520
520
520
520
520
520
520
520
520
520
520
520
520
520
520
520
520
520
520
520
520.0000002
599.9999999
600
600
600
600
600
600
600
600
600
600
600
600
600
600
599.9999999
520.0000002
520
520
520
520
520
520
520
520
520
520
520
600
600
600
600
600
600
600
600
600
600
600
600
600
600
600
600
600
600
600
600
600
600
600
600
600
600
600
600
600
600
520
520
520
520
520
520
520
520
520
520
520
520
520
520
520
520
520
520
520
520
600
600
600
600
600
600
600
600
600
600
600
600
600
600
600
600
600
600
600
600
520
520
520
520
520
520
520
520
520
520
600
600
600
600
600
600
600
600
600
600
600
600
600
600
600
600
600
600
600
600
600
600
600
600
600
600
600
600
600
600
520
520
520
520
520
520
520
520
520
520
520
520
520
520
520
520
520
520
520.0000002
600
600
600
600
600
600
600
600
600
600
600
600
600
600
600
600
600
600
600
600
600
600
520.0000002
520
520
520
520
520
520
520
520
600
600
600
600
600
600
600
600
600
600
600
600
600
600
600
600
600
600
600
600
600
600
600
600
600
600
600
600
600
600
520
520
520
520
520
520
520
520
520
520
520
520
520
520
520
520
520
600
600
600
600
600
600
600
600
600
600
600
600
600
600
600
600
600
600
600
600
600
600
600
600
600
600
520
520
520
520
520
520
520
600
600
600
600
600
600
600
600
600
600
600
600
600
600
600
600
600
600
600
600
600
600
600
600
600
600
600
600
600
600
520
520
520
520
520
520
520
520
520
520
520
520
520
520
520
520
600
600
600
600
600
600
600
600
600
600
600
600
600
600
600
600
600
600
600
600
600
600
600
600
600
600
600
600
520
520
520
520
520
520
600
600
600
600
600
600
600
600
600
600
600
600
600
600
600
600
600
600
600
600
600
600
600
600
600
600
600
600
600
600
520
520
520
520
520
520
520
520
520
520
520
520
520
520
520
600
600
600
600
600
600
600
600
600
600
600
600
600
600
600
600
600
600
600
600
600
600
600
600
600
600
600
600
600
600
520
520
520
520
520
600
600
600
600
600
600
600
600
600
600
600
600
600
600
600
600
600
600
600
600
600
600
600
600
600
600
600
600
600
600
520
520
520
520
520
520
520
520
520
520
520
520
520
520
600
600
600
600
600
600
600
600
600
600
600
600
600
600
600
600
600
600
600
600
600
600
600
600
600
600
600
600
600
600
600
600
520
520
520
520
600
600
600
600
600
600
600
600
600
600
600
600
600
600
600
600
600
600
600
600
600
600
600
600
600
600
600
600
600
600
520
520
520
520
520
520
520
520
520
520
520
520
520
520.0000002
600
600
600
600
600
600
600
600
600
600
600
600
600
600
600
600
600
600
600
600
600
600
600
600
600
600
600
600
600
600
600
600
520.0000002
520
520
520
600
600
600
600
600
600
600
600
600
600
600
600
600
600
600
600
600
600
600
600
600
600
600
600
600
600
600
600
600
600
520
520
520
520
520
520
520
520
520
520
520
520
520
600
600
600
600
600
600
600
600
600
600
600
600
600
600
600
600
600
600
600
600
600
600
600
600
600
600
600
600
600
600
600
600
600
600
520
520
520
600
600
600
600
600
600
600
600
600
600
600
600
600
600
600
600
600
600
600
600
600
600
600
600
600
600
600
600
600
600
520
520
520
520
520
520
520
520
520
520
520
520
600
600
600
600
600
600
600
600
600
600
600
600
600
600
600
600
600
600
600
600
600
600
600
600
600
600
600
600
600
600
600
600
600
600
600
599.9999999
520.0000003
520.0000002
600
600
600
600
600
600
600
600
600
600
600
600
600
600
600
600
600
600
600
600
600
600
600
600
600
600
600
600
600
600
520
520
520
520
520
520
520
520
520
520
520
520.0000002
600
600
600
600
600
600
600
600
600
600
600
600
600
600
600
600
600
600
600
600
600
600
600
600
600
600
600
600
600
600
600
600
600
600
600
600
520.0000001
520
600
600
600
600
600
600
600
600
600
600
600
600
600
600
600
600
600
600
600
600
600
600
600
600
600
600
600
600
600
600
520
520
520
520
520
520
520
520
520
520
520
599.9999999
600
600
600
600
600
600
600
600
600
600
600
600
600
600
600
600
600
600
600
600
600
600
600
600
600
600
600
600
600
600
600
600
600
600
600
600
600
520.0000001
600
600
600
600
600
600
600
600
600
600
600
600
600
600
600
600
600
600
600
600
600
600
600
600
600
600
600
600
600
600
520
520
520
520
520
520
520.0000001
520
520
520
520
600
600
600
600
600
600
600
600
600
600
600
600
600
600
600
600
600
600
600
600
600
600
600
600
600
600
600
600
600
600
600
600
600
600
600
600
600
600
520
600
600
600
600
600
600
600
600
600
600
600
600
600
600
600
600
600
600
600
600
600
600
600
600
600
600
600
600
600
600
520
520
520
520.0000003
520.0000059
520.0000298
520.0000084
520.0000028
520.0000014
520
520.0000002
600
600
600
600
600
600
600
600
600
600
600
600
600
600
600
600
600
600
600
600
600
600
600
600
600
600
600
600
600
600
600
600
600
600
600
600
600
600
520.0000005
600
600
600
600
600
600
600
600
600
600
600
600
600
600
600
600
600
600
600
600
600
600
600
600
600
600
600
600
600
600
520
520
520
520
520.0000419
520.0021515
520.0161683
520.0011922
520.0002474
520.0002753
520.0000003
600
600
600
600
600
600
600
600
600
600
600
600
600
600
600
600
600
600
600
600
600
600
600
600
600
600
600
600
600
600
600
600
600
600
600
600
600
600
520
600
600
600
600
600
600
600
600
600
600
600
600
600
600
600
600
600
600
600
600
600
600
600
600
600
600
600
600
600
600
520
520
520
520
520.0000004
520.0028583
520.1364779
520.8734474
520.0307282
520.008235
599.9999999
600
600
600
600
600
600
600
600
600
600
600
600
600
600
600
600
600
600
600
600
600
600
600
600
600
600
600
600
600
600
600
600
600
600
600
600
600
600
600
600
600
600
600
600
600
600
600
600
600
600
600
600
600
600
600
600
600
600
600
600
600
600
600
600
600
600
600
600
600
520
520
520
520
520
520.0000043
520.0808682
521.5520291
536.4831563
520.0000001
600
600
600
600
600
600
600
600
600
600
600
600
600
600
600
600
600
600
600
600
600
600
600
600
600
600
600
600
600
600
600
600
600
600
600
600
600
600
600
600
600
600
600
600
600
600
600
600
600
600
600
600
600
600
600
600
600
600
600
600
600
600
600
600
600
600
600
600
600
600
520
520
520
520
520
520.0000021
520.0001177
520.2478444
551.2771022
681.3667549
678.3413385
600
600
600
600
600
600
600
600
600
600
600
600
600
600
600
600
600
600
600
600
600
600
600
600
600
600
600
600
600
600
600
600
600
600
600
600
600
600
600
600
600
600
600
600
600
600
600
600
600
600
600
600
600
600
600
600
600
600
600
600
600
600
600
600
600
600
600
600
600
520
520
520
520
520.0000004
520.0000085
520.000013
520.0010193
540.4117932
743.0209639
800
600
600
600
600
600
600
600
600
600
600
600
600
600
600
600
600
600
600
600
600
600
600
600
600
600
600
600
600
600
600
600
600
600
600
600
600
600
600
600
600
600
600
600
600
600
600
600
600
600
600
600
600
600
600
600
600
600
600
600
600
600
600
600
600
600
600
600
600
600
520
520
520
520
520.000001
520.0000258
520.0000051
520.0000148
536.7544578
745.0408191
800
652.8862605
600
600
600
600
600
600
600
600
600
600
600
600
600
600
600
600
600
600
600
600
600
600
600
600
600
600
600
600
600
600
600
600
600
600
600
600
600
600
600
600
600
600
600
600
600
600
600
600
600
600
600
600
600
600
600
600
600
600
600
600
600
600
600
600
600
600
600
600
520
520
520
520
520
520.0000023
520.000005
520.0000051
544.9153128
764.9842277
800
787.256044
600
600
600
600
600
600
600
600
600
600
600
600
600
600
600
600
600
600
600
600
600
600
600
600
600
600
600
600
600
600
600
600
600
600
600
600
600
600
600
600
600
600
600
600
600
600
600
600
600
600
600
600
600
600
600
600
600
600
600
600
600
600
600
600
600
600
600
600
520
520
520
520
520
520
520.0000168
520.0000116
525.2991413
713.5213944
799.9999986
800
680.6334885
600
600
600
600
600
600
600
600
600
600
600
600
600
600
600
600
600
600
600
600
600
600
600
600
600
600
600
600
600
600
600
600
600
600
600
600
600
600
600
600
600
600
600
600
600
600
600
600
600
600
600
600
600
600
600
600
600
600
600
600
600
600
600
600
600
600
600
520
520
520
520
520
520
520
520.0000103
527.3754975
675.2951093
799.9998564
799.9999995
799.9999999
603.5485894
600
600
600
600
600
600
600
600
600
600
600
600
600
600
600
600
600
600
600
600
600
600
600
600
600
600
600
600
600
600
600
600
600
600
600
600
600
600
600
600
600
600
600
600
600
600
600
600
600
600
600
600
600
600
600
600
600
600
600
600
600
600
600
600
600
600
520
520
520
520
520
520
520
520.0000034
520.0011038
582.4559603
796.1675552
799.9999988
799.9999996
763.1068927
600
600
600
600
600
600
600
600
600
600
600
600
600
600
600
600
600
600
600
600
600
600
600
600
600
600
600
600
600
600
600
600
600
600
600
520
600
600
600
600
600
600
600
600
600
600
600
600
600
600
600
600
600
600
600
600
600
600
600
600
600
600
600
600
600
600
520
520
520
520
520
520
520
520.0000036
520.0007326
530.4928299
689.3541714
799.9999872
799.9999998
799.9999998
689.0912252
600
600
600
600
600
600
600
600
600
600
600
600
600
600
600
600
600
600
600
600
600
600
600
600
600
600
600
600
600
600
600
600
600
600
520.0000005
600
600
600
600
600
600
600
600
600
600
600
600
600
600
600
600
600
600
600
600
600
600
600
600
600
600
600
600
600
600
520
520
520
520
520
520
520
520.0000004
520.0001262
520.007127
574.6145568
777.5279696
799.9999916
799.9999998
799.9999997
626.4538919
600
600
600
600
600
600
600
600
600
600
600
600
600
600
600
600
600
600
600
600
600
600
600
600
600
600
600
600
600
600
600
600
600
520
600
600
600
600
600
600
600
600
600
600
600
600
600
600
600
600
600
600
600
600
600
600
600
600
600
600
600
600
600
600
520
520
520
520
520
520
520.0000001
520.0000001
520.0000091
520.0005229
521.0409906
648.1585491
799.9974246
799.9999952
800
800
600
600
600
600
600
600
600
600
600
600
600
600
600
600
600
600
600
600
600
600
600
600
600
600
600
600
600
600
600
600
600
600
600
520.0000001
600
600
600
600
600
600
600
600
600
600
600
600
600
600
600
600
600
600
600
600
600
600
600
600
600
600
600
600
600
600
520
520
520
520
520
520
520.0000011
520.000003
520.0000032
520.0000292
520.0027307
537.0970701
721.3588271
800
800
800.0000003
764.0096998
600
600
600
600
600
600
600
600
600
600
600
600
600
600
600
600
600
600
600
600
600
600
600
600
600
600
600
600
600
600
600
520.0000001
520
600
600
600
600
600
600
600
600
600
600
600
600
600
600
600
600
600
600
600
600
600
600
600
600
600
600
600
600
600
600
520
520
520
520
520
520
520.0000006
520.000003
520.0001063
520.0148818
520.0148481
520.0201433
567.3853484
778.5922213
800
800
800.0000001
723.115224
600
600
600
600
600
600
600
600
600
600
600
600
600
600
600
600
600
600
600
600
600
600
600
600
600
600
600
600
600
599.9999999
520.0000003
520.0000002
600
600
600
600
600
600
600
600
600
600
600
600
600
600
600
600
600
600
600
600
600
600
600
600
600
600
600
600
600
600
520
520
520
520
520
520
520.0000002
520.0000012
520.0000007
520.0326
520.0518524
520.049302
520.0632411
620.2631228
799.9982492
799.9999999
800
800.0000001
692.7007074
600
600
600
600
600
600
600
600
600
600
600
600
600
600
600
600
600
600
600
600
600
600
600
600
600
600
600
600
520
520
520
600
600
600
600
600
600
600
600
600
600
600
600
600
600
600
600
600
600
600
600
600
600
600
600
600
600
600
600
600
600
520
520
520
520
520
520.0000006
520.000001
520.0000008
520.0000007
520.0385177
520.0622885
520.0622346
520.0622346
522.7572335
679.5395377
799.9990919
799.9999999
799.9999995
799.9999996
669.4791928
600
600
600
600
600
600
600
600
600
600
600
600
600
600
600
600
600
600
600
600
600
600
600
600
600
600
520.0000001
520
520
520
600
600
600
600
600
600
600
600
600
600
600
600
600
600
600
600
600
600
600
600
600
600
600
600
600
600
600
600
600
600
520
520
520
520
520
520.0000014
520.0000022
520.0000011
520.0000007
520.0159502
520.0377383
520.057954
520.0998401
520.1001678
530.4801661
732.1224648
799.9998688
799.9999994
799.9999996
799.9999991
649.8817632
600
600
600
600
600
600
600
600
600
600
600
600
600
600
600
600
600
600
600
600
600
600
600
600
600
520
520
520
520
600
600
600
600
600
600
600
600
600
600
600
600
600
600
600
600
600
600
600
600
600
600
600
600
600
600
600
600
600
600
520
520
520
520
520
520.0000011
520.0000022
520.0000011
520.0000007
520.001389
520.0000007
520.0455861
520.1970601
520.1596194
520.0307359
536.2742712
768.5152878
799.9997964
799.9999994
799.9999992
799.9999992
629.2781194
600
600
600
600
600
600
600
600
600
600
600
600
600
600
600
600
600
600
600
600
600
600
600
520
520
520
520
520
600
600
600
600
600
600
600
600
600
600
600
600
600
600
600
600
600
600
600
600
600
600
600
600
600
600
600
600
600
600
520
520
520
520
520
520.0000002
520.0000014
520.000001
520.0000007
520.0000006
520.0000006
520.1103992
520.1975202
520.1973375
520.0359354
520.0127941
535.8319571
755.4396898
799.9998506
799.9999988
799.9999994
799.9999995
608.486563
600
600
600
600
600
600
600
600
600
600
600
600
600
600
600
600
600
600
600
600
600
520
520
520
520
520
520
600
600
600
600
600
600
600
600
600
600
600
600
600
600
600
600
600
600
600
600
600
600
600
600
600
600
600
600
600
600
520
520
520
520
520
520
520.0000002
520.0000006
520.0000006
520.0000006
520.0000006
520.027746
520.1950832
520.1584974
520.0167276
520.0127444
520.0141019
534.4872593
727.9554332
799.9999993
799.9999993
799.9999996
799.9999999
600
600
600
600
600
600
600
600
600
600
600
600
600
600
600
600
600
600
600
600
520
520
520
520
520
520
520
600
600
600
600
600
600
600
600
600
600
600
600
600
600
600
600
600
600
600
600
600
600
600
600
600
600
600
600
600
600
520
520
520
520
520
520
520.0000002
520.0000002
520.0000003
520.0000006
520.0000006
520.0096918
520.0042024
520.0021169
520.002117
520.2630202
520.3707455
520.149178
537.6159178
726.2436641
799.9999993
799.9999428
799.9999958
785.0499023
600
600
600
600
600
600
600
600
600
600
600
600
600
600
600
600
600
520.0000002
520
520
520
520
520
520
520
520
600
600
600
600
600
600
600
600
600
600
600
600
600
600
600
600
600
600
600
600
600
600
600
600
600
600
600
600
600
600
520
520
520
520
520
520
520.0000002
520.0000001
520.0000081
520.0000162
520.0000171
520.0000171
520.0000224
520.0036705
520.0057692
520.4020501
520.4020476
520.1491802
520.149178
538.0005877
723.6300141
799.9993068
799.9987597
800
748.8455716
600
600
600
600
600
600
600
600
600
600
600
600
600
600
599.9999999
520
520
520
520
520
520
520
520
520
520
600
600
600
600
600
600
600
600
600
600
600
600
600
600
600
600
600
600
600
600
600
600
600
600
600
600
600
600
600
600
520
520
520
520
520
520
520.0000001
520.0000013
520.0000119
520.0000114
520.0000115
520.0137905
520.1127678
520.2282841
520.2204444
520.0688165
520.1270819
520.2075477
521.8668551
520.0122876
532.6778633
674.2575687
777.537363
796.4907827
799.8798547
707.214821
600
600
600
600
600
600
600
600
600
600
600
600
520.0000002
520.0000003
520
520
520
520
520
520
520
520
520
520
600
600
600
600
600
600
600
600
600
600
600
600
600
600
600
600
600
600
600
600
600
600
600
600
600
600
600
600
600
600
520
520.0000002
520.0000006
520.0000003
520
520
520
520
520
520.0000014
520.0106316
520.6376875
521.5115151
521.2638923
520.1675033
520.0037104
520.0495142
520.0921755
520.0121467
520.0119754
520.0179175
525.2560175
639.9472593
697.9427753
752.3737147
709.8936508
698.7858113
600
600
600
600
600
600
600
520.0000002
520.0000002
520
520.0000002
520
520.0000002
520
520
520
520
520
520
520
520
520
520
600
600
600
600
600
600
600
600
600
600
600
600
600
600
600
600
600
600
600
600
600
600
600
600
600
600
600
600
600
600
520
520.0000005
520.0000012
520.0000001
520
520
520
520
520.0052108
520.9997607
523.1532406
523.155384
522.3228166
520.0004785
520.0004757
520.0037041
520.0071647
520.0046565
520.0061645
520.0111698
520.6367324
527.6568734
577.382964
683.165845
717.3508315
697.4687613
716.5206835
520.2656313
520.0000252
520.0000425
520.0000661
520.000048
520.0000535
685.3601191
561.4025576
520.0000001
520.0000001
600
600
600
600
600
599.9999999
520.0000001
520
520
520
520
520
520
600
600
600
600
600
600
600
600
600
600
600
600
600
600
600
600
600
600
600
600
600
600
600
600
600
600
600
600
600
600
520
520.0000007
520.0000012
520
520
520.0000001
520.0908792
522.1239334
522.9172147
522.9200654
522.9204657
520.5689334
520.0003499
520.0010145
520.0096771
520.0131686
520.0124821
520.0033872
520.0078227
520.0484593
520.0726165
520.8828016
604.8367335
712.6216934
716.3161233
716.4293242
716.5806756
711.2408227
662.249001
713.8507603
722.4367525
763.944832
746.5730692
709.9186442
766.1684293
651.4859199
600
600
600
600
600
600
600
600
600
520.0000001
520
520
520
520
600
600
600
600
600
600
600
600
600
600
600
600
600
600
600
600
600
600
600
600
600
600
600
600
600
600
600
600
600
600
520.1319457
520.0000007
520.0000007
520.0000007
520.0000335
520.0214975
521.6566229
522.5528262
522.1146556
520.0058389
520.1184927
520.0024501
520.0046746
520.012972
520.0129833
520.0123167
520.0015846
520.0000018
520.0001932
520.0028849
520.0131982
520.3724771
532.9258554
602.3759131
656.6485901
659.8516158
633.4217302
572.9508548
546.698072
523.6599373
649.4359411
799.8973005
799.9953946
790.3073869
795.3924673
796.3455742
600
600
600
600
600
600
600
600
600
600
599.9999999
520
520
520
600
600
600
600
600
600
600
600
600
600
600
600
600
600
600
600
600
600
600
600
600
600
600
600
600
600
600
600
600
600
520.1589733
520.005545
520.0000011
520.000004
520.00016
520.258352
521.6709448
521.6629219
520.0000978
520.0000034
520.0000036
520.000003
520.0011655
520.0037175
520.0035626
520.0000954
520.0000017
520.0000017
520.0000018
520.0000039
520.0001026
520.0185661
520.3282834
542.4233882
567.7205938
583.0182634
531.5315458
520.0327264
520.0245067
520.8741782
601.6050131
799.9953946
799.9962052
799.9953946
799.9502866
799.9893082
700.7907324
600
600
600
600
600
600
600
600
600
600
599.9999999
520.0000003
520.0000001
600
600
600
600
600
600
600
600
600
600
600
600
600
600
600
600
600
600
600
600
600
600
600
600
600
600
600
600
600
600
520.1581377
520.0000118
520.0000041
520.0000118
520.0050532
520.3429868
520.5182841
520.018663
520.0000034
520.0000022
520.0000016
520.0000015
520.0000015
520.0000015
520.0000015
520.0000015
520.0000021
520.0000039
520.0000039
520.0000032
520.0000048
520.0007807
520.3348462
525.166811
522.4756192
522.2709673
520.054088
520.004129
520.0120818
520.0469147
568.4353958
794.099313
799.9970122
799.9770067
799.9053047
799.8964084
799.9999877
602.6995312
600
600
600
600
600
600
600
600
600
600
520.0000001
520
600
600
600
600
600
600
600
600
600
600
600
600
600
600
600
600
600
600
600
600
600
600
600
600
600
600
600
600
600
600
520.0757095
520.0000224
520.0000118
520.0000444
520.0608895
520.1549398
520.0001472
520.0000039
520.0000028
520.0000028
520.0000027
520.0000032
520.0000023
520.0000015
520.0000015
520.0000015
520.0000039
520.0000052
520.000005
520.0000031
520.0000035
520.0000505
520.0695044
520.2389343
520.0015861
520.0022838
520.0026754
520.0018961
520.0106444
520.0041882
542.0343048
780.715205
799.9978191
799.8886858
799.8069832
799.9981329
800.0000036
726.4737958
600
600
600
600
600
600
600
600
600
600
600
520.0000006
600
600
600
600
600
600
600
600
600
600
600
600
600
600
600
600
600
600
600
600
600
600
600
600
600
600
600
600
600
600
520.030342
520.0000278
520.0000299
520.0147219
520.0565571
520.0044068
520.0000091
520.0000028
520.0000028
520.0000028
520.0000028
520.0000028
520.0000192
520.0000472
520.0000408
520.0000025
520.0000001
520.0000002
520.0000002
520.0000002
520.0000005
520.000706
520.0077587
520.0023931
520.0015898
520.000302
520.0000869
520.0009835
520.0140253
520.0041482
524.4925104
757.7292867
799.9989043
799.9612656
799.8861902
800
800.0000111
800.0000051
600
600
600
600
600
600
600
600
600
600
600
520
600
600
600
600
600
600
600
600
600
600
600
600
600
600
600
600
600
600
600
600
600
600
600
600
600
600
600
600
600
600
520.0382984
520.0000354
520.0037407
520.0150979
520.0133329
520.0000758
520.0000456
520.0000091
520.0270145
520.0305858
520.0042887
520.000003
520.0000326
520.0000873
520.0000873
520.0000572
520.0000001
520.0000001
520.0000002
520.0000001
520.0000018
520.0000517
520.0000175
520.0000529
520.0001656
520.0000506
520.0000273
520.0000843
520.0140996
520.0041431
520.0003637
701.1595395
799.9999947
800
799.9994997
799.9991195
800.0000128
800.0000055
636.8900297
600
600
600
600
600
600
600
600
600
600
600
600
600
600
600
600
600
600
600
600
600
600
600
600
600
600
600
600
600
600
600
600
600
600
600
600
600
600
600
600
600
520.0387983
520.0001488
520.0027821
520.0059467
520.0003376
520.0003552
520.0044054
520.1893289
520.2528569
520.2302828
520.0025933
520.0000033
520.0000035
520.0000573
520.0000871
520.0000819
520.0000001
520.0000001
520.0000001
520.0000001
520.0000003
520.0000004
520.0000004
520.0000006
520.0000005
520
520.0000002
520.0007498
520.005908
520.0010917
520.0002192
650.1757845
799.8121132
800.0000029
800
799.9999268
800.0000014
799.9999965
716.5762989
600
600
600
600
600
600
600
600
600
600
600
600
600
600
600
600
600
600
600
600
600
600
600
600
600
600
600
600
600
600
600
600
600
600
600
600
600
600
600
600
600
520.0118251
520.000184
520.0001875
520.0000926
520.0002201
520.0051614
520.1648062
520.2533744
520.2531723
520.1905292
520.0000039
520.0000033
520.0000198
520.0000035
520.0000071
520.0000213
520.0000068
520.0000009
520.0000001
520
520
520
520.0000001
520.0000002
520.0000001
520
520.0000003
520.0018317
520.0000309
520.0000525
520.000073
617.2398082
797.9419423
800
800
799.9999961
799.9999913
799.9999879
795.5303149
600
600
600
600
600
600
600
600
600
600
600
600
600
600
600
600
600
600
600
600
600
600
600
600
600
600
600
600
600
600
600
600
600
600
600
600
600
600
600
600
600
520.0001066
520.0003598
520.0000874
520.0000879
520.0001057
520.0067912
520.2068044
520.2533729
520.1975277
520.0089021
520.000014
520.0002439
520.0000807
520.0000035
520.0000001
520.0000001
520.0000017
520.0000014
520.0000001
520
520
520
520
520.0000001
520.0000001
520
520
520.0001443
520.000027
520.0000288
520.0179581
618.3937621
798.6164083
800
799.9980176
799.9999945
799.9999764
799.9998841
800.0000008
600
600
600
600
600
600
600
600
600
600
600
600
600
600
600
600
600
600
600
600
600
600
600
600
600
600
600
600
600
600
600
600
600
600
600
600
600
600
600
600
600
520.0000917
520.0000874
520.0000873
520.0000874
520.0000918
520.0049034
520.0628704
520.0977542
520.0156851
520.0060511
520.0043479
520.0007009
520.0000595
520.0000023
520.0000003
520.0000002
520
520
520
520
520
520
520
520
520.0000001
520
520.0000012
520.0000001
520.0000001
520.0002487
520.0085533
596.7022144
793.3076994
799.9999921
799.9772953
799.9999938
799.9986262
799.9973347
799.9999993
606.4313795
600
600
600
600
600
600
600
600
600
600
600
600
600
600
600
600
600
600
600
600
600
600
600
600
600
600
600
600
600
600
600
600
600
600
600
600
600
600
600
600
520.0000945
520.0000873
520.0000873
520.0000873
520.0001887
520.0021078
520.0004288
520.0018305
520.0019725
520.0024151
520.0013302
520.0003527
520.0000004
520.0000004
520.0000003
520.0000003
520.0000002
520.0000001
520
520
520
520
520
520
520
520
520.0000001
520.0000001
520.0000001
520.0013889
520.092991
625.2663162
799.9998416
799.9998548
799.9761317
799.9982505
799.9899004
799.9999416
800.0000052
632.9173021
600
600
600
600
600
600
600
600
600
600
600
600
600
600
600
600
600
600
600
600
600
600
600
600
600
600
600
600
600
600
600
600
600
600
600
600
600
600
600
600
526.5097353
527.8272923
521.2976058
520.0000878
520.0000941
520.0000625
520.0003311
520.0029572
520.0054277
520.0018313
520.0000009
520.0000007
520.0000007
520.0000004
520.0000002
520.0000001
520.0000001
520.0000001
520
520
520
520
520
520
520
520
520
520.0000084
520.0000002
520.0000002
520.0612855
620.1746577
791.8570319
799.9998433
799.9903934
798.3020439
799.7581275
798.6424436
800.000003
655.3920681
600
600
600
600
600
600
600
600
600
520
600
600
600
600
600
600
600
600
600
600
600
600
600
600
600
600
600
600
600
600
600
600
600
600
600
600
600
600
600
600
529.4807869
529.4810967
529.4448989
523.8032539
520.0000423
520.0000416
520.0001064
520.0315822
520.0316041
520.0046684
520.0000002
520.0000014
520.0000022
520.0000013
520.0000003
520.0000001
520
520
520
520
520
520
520
520
520
520
520.000008
520.0000225
520.0000011
520.0000012
520.0087516
611.60493
799.9997648
799.9998318
799.9919451
790.7929566
789.4600254
733.5179341
800.0000079
670.8995805
600
600
600
600
600
600
600
600
600
520.0000006
600
600
600
600
600
600
600
600
600
600
600
600
600
600
600
600
600
600
600
600
600
600
600
600
600
600
600
600
600
600
529.4811064
529.4807869
529.4810076
528.4390037
520.0000416
520.0000405
520.0001233
520.0001084
520.0000028
520
520.0000002
520.0000016
520.0000021
520.0000015
520.0000004
520.0000001
520.0000001
520
520
520
520
520
520
520
520
520
520.0000261
520.0000039
520.0000021
520.0006001
520.0005602
571.5228821
780.7728073
799.9997648
799.9995793
791.9351542
781.786822
688.4667524
800.0000056
678.8556406
600
600
600
600
600
600
600
600
520.0000001
520
600
600
600
600
600
600
600
600
600
600
600
600
600
600
600
600
600
600
600
600
600
600
600
600
600
600
600
600
600
600
522.6295121
527.4670564
527.1850249
522.448795
520.2943942
520.0000297
520.0000005
520
520
520
520
520
520
520
520
520
520
520
520
520
520
520.0000004
520.0000005
520.0000005
520.0000002
520.0000001
520
520.0012041
520.001261
520.0000802
520.0001107
612.2825262
794.2498042
799.9880734
799.9994609
787.5312502
785.4683014
687.2917171
800.0000018
682.061175
600
600
600
600
600
600
600
599.9999999
520.0000003
520.0000001
600
600
600
600
600
600
600
600
600
600
600
600
600
600
600
600
600
600
600
600
600
600
600
600
600
600
600
600
600
600
520
520.2427873
520.2091445
520.0322329
520.000001
520.0000001
520
520
520.0000001
520.0000001
520
520
520
520
520
520
520
520
520.0000002
520.0000001
520
520
520
520
520
520
520
520.0000323
520.0001976
520.0000811
523.1109639
719.0969929
799.9724024
799.9782524
799.9989621
793.5271733
792.8286023
687.4399781
799.9999998
681.4886033
600
600
600
600
600
600
600
520
520
520
600
600
600
600
600
600
600
600
600
600
600
600
600
600
600
600
600
600
600
600
600
600
600
600
600
600
600
600
600
600
520
520.0000186
520.000341
520.0000002
520
520
520
520
520
520
520
520
520
520
520
520
520
520
520.0000008
520
520
520.0026798
520.0016971
520
520
520.0051919
520.0028056
520.000036
520.0000438
524.2121315
697.9086481
797.8582911
799.9850769
799.5779879
799.8691858
799.8642236
783.386171
678.4519468
799.9999871
677.830869
600
600
600
600
600
520.0000001
520
520
520
520
600
600
600
600
600
600
600
600
600
600
600
600
600
600
600
600
600
600
600
600
600
600
600
600
600
600
600
600
600
600
520
520
520.0000046
520.0000001
520
520
520
520
520
520
520
520
520
520
520
520
520
520
520
520
520.0213391
520.0117037
520.0017041
520.0055872
520.0273569
520.0199063
520.0027431
520.0000684
562.2872593
719.7601867
799.8941925
799.9998174
799.9999794
799.3206401
799.1870172
798.9166118
780.5230609
668.8105763
762.2282059
672.0569679
600
600
599.9999999
520.0000002
520
520
520
520
520
520
600
600
600
600
600
600
600
600
600
600
600
600
600
600
600
600
600
600
600
600
600
600
600
600
600
600
600
600
600
600
520
520
520
520
520
520
520
520
520
520
520
520
520
520
520
520
520.0000001
520
520.0012072
520.0240077
520.0264124
520.0141146
520.019422
520.0401047
520.0400047
520.0193337
520.0036197
553.334878
733.5186229
799.9883142
799.9998649
799.9999978
799.9999876
799.5974546
799.8325258
773.7374956
588.0020724
588.5695098
565.9870427
520.000011
520
520
520
520
520
520
520
520
520
520
600
600
600
600
600
600
600
600
600
600
600
600
600
600
600
600
600
600
600
600
600
600
600
600
600
600
600
600
600
600
520
520
520
520
520
520
520
520
520
520
520
520
520
520
520
520.0000001
520.0000002
520.0007461
520.0236528
520.0268108
520.0260571
520.0243745
520.0143317
520.0183572
520.0190539
520.0223853
522.7204823
682.6124189
799.9999913
800.0000001
800
799.9999997
799.9997431
799.9999277
799.999926
799.6540226
777.8614307
690.0228368
520.0000018
520.0000003
520
520
520
520
520
520
520
520
520
520
600
600
600
600
600
600
600
600
600
600
600
600
600
600
600
600
600
600
600
600
600
600
600
600
600
600
600
600
600
600
520
520
520
520
520
520
520
520
520
520
520
520
520
520.0000001
520.000104
520.004589
520.0052696
520.0157251
520.0238444
520.0141613
520.0132744
520.013526
520.0138326
520.0141131
520.0186054
521.1397773
668.9782496
795.3824439
800
800
800.0000008
800.000004
800.0000152
799.9999279
799.9997992
800
711.3617641
600
600
599.9999999
520
520
520
520
520
520
520
520
520
520
600
600
600
600
600
600
600
600
600
600
600
600
600
600
600
600
600
600
600
600
600
600
600
600
600
600
600
600
600
600
520
520
520
520
520
520
520
520
520
520
520
520
520.0000001
520.0008237
520.0168266
520.0171615
520.0122794
520.0123716
520.0129279
520.0131547
520.0132293
520.0132744
520.0138065
520.0186054
534.6828454
663.776249
792.1071114
799.9994864
799.9999929
800
800.0000002
800.0000184
800.0000317
800.0000386
800.0000142
738.9843623
600
600
600
600
600
520.0000002
520
520
520
520
520
520
520
520
600
600
600
600
600
600
600
600
600
600
600
600
600
600
600
600
600
600
600
600
600
600
600
600
600
600
600
600
600
600
520
520
520
520
520
520
520
520
520
520
520
520
520.0019721
520.0219871
520.0218937
520.0125137
520.0122961
520.0124284
520.0126446
520.0129958
520.0132744
531.0946724
566.3257418
634.2772407
734.2785032
796.4448633
799.9999885
799.9999995
800
800.0000004
800.000011
800.0000152
800.0000147
800.0000042
730.5404355
600
600
600
600
600
600
600
600
520
520
520
520
520
520
520
600
600
600
600
600
600
600
600
600
600
600
600
600
600
600
600
600
600
600
600
600
600
600
600
600
600
600
600
600
600
520
520
520
520
520
520
520
520
520
520
520
520.0003397
520.0174009
520.0176918
520.0180141
520.0126563
520.0124142
520.0126446
547.7830215
619.6558005
697.1438742
751.1856623
773.6697025
796.2469777
799.9992854
800
800
799.9999992
799.9999991
800.0000043
800.0000121
800.0000032
800.0000057
691.2537421
600
600
600
600
600
600
600
600
600
600
520
520
520
520
520
520
600
600
600
600
600
600
600
600
600
600
600
600
600
600
600
600
600
600
600
600
600
600
600
600
600
600
600
600
600
600
520
520
520
520
520
520
520
520
520
520
520
520.0113113
520.011035
520.0119603
520.0156054
520.0187151
576.0136177
707.4889144
769.3544256
791.8642212
799.9892107
799.9981285
799.999979
799.9999997
800
800.0000022
800.0000041
799.9999983
799.9999948
799.9999934
799.9999961
800.0000004
626.0872775
600
600
600
600
600
600
600
600
600
600
600
600
520
520
520
520
520
600
600
600
600
600
600
600
600
600
600
600
600
600
600
600
600
600
600
600
600
600
600
600
600
600
600
600
600
600
600
520
520
520
520
520
520
520
520
520
520.0000002
520.00466
520.0047051
520.0066359
520.0211468
535.9031071
685.3779847
779.6341693
799.9874797
799.8038618
799.9999993
799.9923624
799.998123
800
800
800.0000044
800.0000066
800.0000012
799.9999991
799.9999927
799.9999981
729.1156068
600
600
600
600
600
600
600
600
600
600
600
600
600
600
600
520
520
520
520
600
600
600
600
600
600
600
600
600
600
600
600
600
600
600
600
600
600
600
600
600
600
600
600
600
600
600
600
600
600
520
520
520
520
520
520
520
520
520.0000002
520.0015349
520.0015367
520.0048324
520.0606033
572.1188878
744.6662038
799.9070546
799.9979033
799.999968
799.9999993
800
800.0000037
800.000006
800.0000038
800.0000054
800.0000048
800.0000009
799.9999964
799.9999984
780.3984975
603.1762184
600
600
600
600
600
600
600
600
600
600
600
600
600
600
600
600
520.0000001
520
520
520
600
600
600
600
600
600
600
600
600
600
600
600
600
600
600
600
600
600
600
600
600
600
600
600
600
600
600
600
600
600
520
520
520
520
520
520
520
520.0000056
520.0003811
520.0007715
520.0042197
520.1203952
588.6269148
771.4107793
799.9529805
799.9994374
799.9999853
799.999998
799.9999984
799.9999982
800.0000012
799.9999989
799.9999966
799.9999964
799.9999943
799.9999975
774.4624184
610.4474849
600
600
600
600
600
600
600
600
600
600
600
600
600
600
600
600
600
600
600
520
520
520
600
600
600
600
600
600
600
600
600
600
600
600
600
600
600
600
600
600
600
600
600
600
600
600
600
600
600
600
600
600
520
520
520
520
520
520
520.0000019
520.0000836
520.0015357
520.0078637
520.1311273
576.1840871
771.9888622
799.967615
799.9997131
799.9999829
799.9999959
799.9999957
799.9999957
799.999999
800.0000037
799.9999909
799.9999931
799.9999996
726.0305371
600.1936697
600
600
600
600
600
600
600
600
600
600
600
600
600
600
600
600
600
600
600
600
600
599.9999999
520.0000003
520.0000002
600
600
600
600
600
600
600
600
600
600
600
600
600
600
600
600
600
600
600
600
600
600
600
600
600
600
600
600
600
600
520
520
520
520
520
520.0000005
520.0000109
520.0004498
520.0097961
520.205037
544.6971319
723.2494737
799.9676155
799.9997747
799.9999901
799.9999927
799.9999932
799.9999937
799.9999956
800.0000009
799.9999943
784.0748528
648.1846049
600
600
600
600
600
600
600
600
600
600
600
600
600
600
600
600
600
600
600
600
600
600
600
600
600
520.0000001
520
600
600
600
600
600
600
600
600
600
600
600
600
600
600
600
600
600
600
600
600
600
600
600
600
600
600
600
600
600
600
520
520
520
520
520
520.0000021
520.0001371
520.0044935
520.067494
520.8891918
625.2846807
798.1301802
799.9997738
799.9999899
799.9999935
799.9999914
799.9999921
800.000002
800.0000004
705.1627952
600.7535392
600
600
600
600
600
600
600
600
600
600
600
600
600
600
600
600
600
600
600
600
600
600
600
600
600
600
600
600
520.0000001
600
600
600
600
600
600
600
600
600
600
600
600
600
600
600
600
600
600
600
600
600
600
600
600
600
600
600
600
600
600
520
520
520
520
520
520.0000039
520.0002063
520.0064402
520.0860209
534.8125281
711.7365481
799.9961425
799.9963515
799.9998764
799.9999944
799.9999929
800.0000003
654.4274655
600
600
600
600
600
600
600
600
600
600
600
600
600
600
600
600
600
600
600
600
600
600
600
600
600
600
600
600
600
600
600
520
600
600
600
600
600
600
600
600
600
600
600
600
600
600
600
600
600
600
600
600
600
600
600
600
600
600
600
600
600
600
520
520
520
520
520
520.0000037
520.0001893
520.0035723
520.0472182
590.3524514
797.7422759
799.5721915
799.9871631
800
799.9999976
650.4590967
600
600
600
600
600
600
600
600
600
600
600
600
600
600
600
600
600
600
600
600
600
600
600
600
600
600
600
600
600
600
600
600
600
520.0000005
600
600
600
600
600
600
600
600
600
600
600
600
600
600
600
600
600
600
600
600
600
600
600
600
600
600
600
600
600
600
520
520
520
520
520.0000001
520.0000068
520.000199
520.0163773
548.7914865
726.4811099
778.0040717
799.9999991
800
696.7573252
600
600
600
600
600
600
600
600
600
600
600
600
600
600
600
600
600
600
600
600
600
600
600
600
600
600
600
600
600
600
600
600
600
600
600
520
600
600
600
600
600
600
600
600
600
600
600
600
600
600
600
600
600
600
600
600
600
600
600
600
600
600
600
600
600
600
520
520
520
520
520.0000005
520.0000416
520.0004844
520.6114589
594.1458463
676.7022566
788.1102104
781.68834
610.7177686
600
600
600
600
600
600
600
600
600
600
600
600
600
600
600
600
600
600
600
600
600
600
600
600
600
600
600
600
600
600
600
600
600
600
600
600
600
600
600
600
600
600
600
600
600
600
600
600
600
600
600
600
600
600
600
600
600
600
600
600
600
600
600
600
600
600
600
520
520
520
520
520.0000032
520.0002791
520.000874
523.5819959
632.506373
695.6712887
714.3004452
600
600
600
600
600
600
600
600
600
600
600
600
600
600
600
600
600
600
600
600
600
600
600
600
600
600
600
600
600
600
600
600
600
600
600
600
600
600
600
600
600
600
600
600
600
600
600
600
600
600
600
600
600
600
600
600
600
600
600
600
600
600
600
600
600
600
600
600
600
520
520
520
520
520.0000007
520.0000007
520.0000103
520.0010487
609.9507135
520.0000051
600
600
600
600
600
600
600
600
600
600
600
600
600
600
600
600
600
600
600
600
600
600
600
600
600
600
600
600
600
600
600
600
600
600
600
600
600
600
600
600
600
600
600
600
600
600
600
600
600
600
600
600
600
600
600
600
600
600
600
600
600
600
600
600
600
600
600
600
600
600
520
520
520
520
520.0000011
520.000001
520.0000013
520.0000503
568.1606733
520.0000037
600
600
600
600
600
600
600
600
600
600
600
600
600
600
600
600
600
600
600
600
600
600
600
600
600
600
600
600
600
600
600
600
600
600
600
600
600
600
600
600
600
600
600
600
600
600
600
600
600
600
600
600
600
600
600
600
600
600
600
600
600
600
600
600
600
600
600
600
600
600
520
520
520
520
520.0000005
520.000001
521.3801384
524.3287052
522.8228437
520.0000037
600
600
600
600
600
600
600
600
600
600
600
600
600
600
600
600
600
600
600
600
600
600
600
600
600
600
600
600
600
600
600
600
600
600
600
600
600
600
600
600
600
600
600
600
600
600
600
600
600
600
600
600
600
600
600
600
600
600
600
600
600
600
600
600
600
600
600
600
600
600
520
520
520
520.0000001
520.0000274
520.0278986
523.2774371
524.969114
521.920723
520.0000032
600
600
600
600
600
600
600
600
600
600
600
600
600
600
600
600
600
600
600
600
600
600
600
600
600
600
600
600
600
600
600
600
600
600
600
600
600
600
600
600
600
600
600
600
600
600
600
600
600
600
600
600
600
600
600
600
600
600
600
600
600
600
600
600
600
600
600
600
600
600
520
520
520
520.000001
520.0001496
520.0118533
520.8906435
524.2592862
526.0480758
520.0000024
600
600
600
600
600
600
600
600
600
600
600
600
600
600
600
600
600
600
600
600
600
600
600
600
600
600
600
600
600
600
600
600
600
600
600
600
600
600
600
600
600
600
600
600
600
600
600
600
600
600
600
600
600
600
600
600
600
600
600
600
600
600
600
600
600
600
600
600
600
600
520
520
520
520
520.0000186
520.0019542
520.0017771
520.2672244
525.4000886
544.9710143
600
600
600
600
600
600
600
600
600
600
600
600
600
600
600
600
600
600
600
600
600
600
600
600
600
600
600
600
600
600
600
600
600
600
600
600
600
600
600
600
600
600
600
600
600
600
600
600
600
600
600
600
600
600
600
600
600
600
600
600
600
600
600
600
600
600
600
600
600
600
520
520
520
520
520
520.0000005
520.0000461
520.0003494
520.063052
544.9235894
520.0000015
600
600
600
600
600
600
600
600
600
600
600
600
600
600
600
600
600
600
600
600
600
600
600
600
600
600
600
600
600
600
600
600
600
600
600
600
600
600
520
600
600
600
600
600
600
600
600
600
600
600
600
600
600
600
600
600
600
600
600
600
600
600
600
600
600
600
600
600
600
520
520
520
520
520
520
520.0000018
520.0000152
520.0002266
544.5441665
520.000001
600
600
600
600
600
600
600
600
600
600
600
600
600
600
600
600
600
600
600
600
600
600
600
600
600
600
600
600
600
600
600
600
600
600
600
600
600
600
520.0000005
600
600
600
600
600
600
600
600
600
600
600
600
600
600
600
600
600
600
600
600
600
600
600
600
600
600
600
600
600
600
520
520
520
520
520
520
520.0000001
520.0000007
520.0000116
543.0765524
520.0000005
600
600
600
600
600
600
600
600
600
600
600
600
600
600
600
600
600
600
600
600
600
600
600
600
600
600
600
600
600
600
600
600
600
600
600
600
600
600
520
600
600
600
600
600
600
600
600
600
600
600
600
600
600
600
600
600
600
600
600
600
600
600
600
600
600
600
600
600
600
520
520
520
520
520
520
520
520
520.0000007
533.8146683
536.6450576
600
600
600
600
600
600
600
600
600
600
600
600
600
600
600
600
600
600
600
600
600
600
600
600
600
600
600
600
600
600
600
600
600
600
600
600
600
600
520.0000001
600
600
600
600
600
600
600
600
600
600
600
600
600
600
600
600
600
600
600
600
600
600
600
600
600
600
600
600
600
600
520
520
520
520
520
520
520
520
520
529.2678606
536.59987
520.0000005
600
600
600
600
600
600
600
600
600
600
600
600
600
600
600
600
600
600
600
600
600
600
600
600
600
600
600
600
600
600
600
600
600
600
600
600
520.0000001
520
600
600
600
600
600
600
600
600
600
600
600
600
600
600
600
600
600
600
600
600
600
600
600
600
600
600
600
600
600
600
520
520
520
520
520
520
520
520
520
524.271978
536.460722
528.9636774
600
600
600
600
600
600
600
600
600
600
600
600
600
600
600
600
600
600
600
600
600
600
600
600
600
600
600
600
600
600
600
600
600
600
600
599.9999999
520.0000003
520.0000002
600
600
600
600
600
600
600
600
600
600
600
600
600
600
600
600
600
600
600
600
600
600
600
600
600
600
600
600
600
600
520
520
520
520
520
520
520
520
520
521.6271965
528.4679203
524.893198
520.4807649
600
600
600
600
600
600
600
600
600
600
600
600
600
600
600
600
600
600
600
600
600
600
600
600
600
600
600
600
600
600
600
600
600
600
520
520
520
600
600
600
600
600
600
600
600
600
600
600
600
600
600
600
600
600
600
600
600
600
600
600
600
600
600
600
600
600
600
520
520
520
520
520
520
520.0000011
520.0000009
520
520.0149283
520.0365539
520.153639
520.013954
520.0000002
600
600
600
600
600
600
600
600
600
600
600
600
600
600
600
600
600
600
600
600
600
600
600
600
600
600
600
600
600
600
600
600
520.0000001
520
520
520
600
600
600
600
600
600
600
600
600
600
600
600
600
600
600
600
600
600
600
600
600
600
600
600
600
600
600
600
600
600
520
520
520
520
520
520.0001755
520.0000471
520.0000009
520.0000023
520.0000024
520.0016059
520.0024327
520.0003908
520.0000128
600
600
600
600
600
600
600
600
600
600
600
600
600
600
600
600
600
600
600
600
600
600
600
600
600
600
600
600
600
600
600
600
520
520
520
520
600
600
600
600
600
600
600
600
600
600
600
600
600
600
600
600
600
600
600
600
600
600
600
600
600
600
600
600
600
600
520
520
520.0033348
520.0293085
520.0377563
520.011339
520.0000039
520.0000015
520.0000235
520.0000107
520.000212
520.0002543
520.0000186
520.0000004
520
600
600
600
600
600
600
600
600
600
600
600
600
600
600
600
600
600
600
600
600
600
600
600
600
600
600
600
600
600
600
520
520
520
520
520
600
600
600
600
600
600
600
600
600
600
600
600
600
600
600
600
600
600
600
600
600
600
600
600
600
600
600
600
600
600
520
520.0101757
520.0389162
520.0401759
520.0401771
520.0198764
520.0000298
520.0000017
520.0000018
520.0000023
520.0020016
520.0001026
520
520
520
520
600
600
600
600
600
600
600
600
600
600
600
600
600
600
600
600
600
600
600
600
600
600
600
600
600
600
600
600
520
520
520
520
520
520
600
600
600
600
600
600
600
600
600
600
600
600
600
600
600
600
600
600
600
600
600
600
600
600
600
600
600
600
600
600
520.0018216
520.0401483
520.0401759
520.0401775
520.0401759
520.0125896
520.0000077
520.0000018
520.0126501
520.0169549
520.0039488
520.0000213
520.0000001
520
520
520
520
600
600
600
600
600
600
600
600
600
600
600
600
600
600
600
600
600
600
600
600
600
600
600
600
600
600
520
520
520
520
520
520
520
600
600
600
600
600
600
600
600
600
600
600
600
600
600
600
600
600
600
600
600
600
600
600
600
600
600
600
600
600
600
520.0282562
520.0221967
520.0150048
520.034835
520.0197081
520.0012919
520.0000141
520.0083091
520.1049307
520.0947329
520.0025684
520.0000097
520
520
520
520
520
520
520.0000002
600
600
600
600
600
600
600
600
600
600
600
600
600
600
600
600
600
600
600
600
600
600
520.0000001
520
520
520
520
520
520
520
520
600
600
600
600
600
600
600
600
600
600
600
600
600
600
600
600
600
600
600
600
600
600
600
600
600
600
600
600
600
600
520.041015
520.001453
520.0010564
520.0028747
520.0006965
520.0006774
520.0008719
520.0704347
520.105193
520.0499186
520.0007132
520.0000044
520
520
520
520
520
520
520
520
600
600
600
600
600
600
600
600
600
600
600
600
600
600
600
600
600
600
600
599.9999999
520
520
520
520
520
520
520
520
520
520
600
600
600
600
600
600
600
600
600
600
600
600
600
600
600
600
600
600
600
600
600
600
600
600
600
600
600
600
600
600
520.0449109
520.0010044
520.0010028
520.0027057
520.0016944
520.0006793
520.00198
520.0682668
520.1049815
520.0006563
520.0000451
520.0000008
520
520
520
520
520
520
520
520
520
520.0000002
599.9999999
600
600
600
600
600
600
600
600
600
600
600
600
600
600
600
520.0000001
520.0000003
520
520
520
520
520
520
520
520
520
520
600
600
600
600
600
600
600
600
600
600
600
600
600
600
600
600
600
600
600
600
600
600
600
600
600
600
600
600
600
600
520.0728395
520.0010028
520.0030131
520.0065758
520.0065514
520.0028342
520.0027701
520.0106638
520.0135817
520.0000012
520
520
520
520
520
520
520
520
520
520
520
520
520
520
520.0000002
520.0000003
599.9999999
600
600
600
600
600
599.9999999
600
520
520.0000003
520
520.0000002
520
520.0000002
520
520
520
520
520
520
520
520
520
520
600
600
600
600
600
600
600
600
600
600
600
600
600
600
600
600
600
600
600
600
600
600
600
600
600
600
600
600
600
600
520.0751043
520.010079
520.0004688
520.0065752
520.006576
520.0065718
520.0010175
520.0000114
520.0000031
520.0000001
520
520
520
520
520
520
520
520
520
520
520
520
520
520
520
520
520
520
520
520
520
520
520
520.0000001
520
520.0000002
520.0000001
600
600
600
600
599.9999999
599.9999999
520.0000001
520
520
520
520
520
520
600
600
600
600
600
600
600
600
600
600
600
600
600
600
600
600
600
600
600
600
600
600
600
600
600
600
600
600
600
600
520.0751043
520.0177821
520.0000457
520.0040207
520.0065718
520.0025446
520.000002
520.0000005
520.0000001
520
520
520
520
520
520
520
520
520
520
520
520
520
520
520
520
520
520
520
520
520
520
520
520
520.0000003
520
600
600
600
600
600
600
600
600
600
600
520
520
520
520
520
600
600
600
600
600
600
600
600
600
600
600
600
600
600
600
600
600
600
600
600
600
600
600
600
600
600
600
600
600
600
520.0751043
520.000474
520.0000399
520.0001413
520.0007478
520.0000015
520.0000001
520.0000001
520
520
520
520
520
520
520
520
520
520
520
520
520
520
520
520
520
520
520
520
520
520
520
520
520
599.9999999
600
600
600
600
600
600
600
600
600
600
600
600
599.9999999
520
520
520
600
600
600
600
600
600
600
600
600
600
600
600
600
600
600
600
600
600
600
600
600
600
600
600
600
600
600
600
600
600
520.0153618
520.0000399
520.0000389
520.0000002
520.0000005
520.0000001
520
520.0000001
520
520
520
520
520
520
520
520
520
520
520
520
520
520
520
520
520
520
520
520
520
520
520
520
600
600
600
600
600
600
600
600
600
600
600
600
600
600
600
599.9999999
520.0000003
520.0000001
600
600
600
600
600
600
600
600
600
600
600
600
600
600
600
600
600
600
600
600
600
600
600
600
600
600
600
600
600
600
520.0000115
520.0000543
520.0000483
520.0000001
520
520
520
520
520
520
520
520
520
520
520
520
520
520
520
520
520
520
520
520
520
520
520
520
520
520
520
520.0000001
600
600
600
600
600
600
600
600
600
600
600
600
600
600
600
600
520.0000001
520
600
600
600
600
600
600
600
600
600
600
600
600
600
600
600
600
600
600
600
600
600
600
600
600
600
600
600
600
600
600
520.0000003
520.0000106
520.0000175
520
520
520
520
520
520
520
520
520
520
520
520
520
520
520
520
520
520
520
520
520
520
520
520
520
520
520
520
600
600
600
600
600
600
600
600
600
600
600
600
600
600
600
600
600
600
520.0000006
600
600
600
600
600
600
600
600
600
600
600
600
600
600
600
600
600
600
600
600
600
600
600
600
600
600
600
600
600
600
520
520
520.0000001
520.0000002
520
520
520
520
520
520
520
520
520
520
520
520
520
520
520
520
520
520
520
520
520
520
520
520
520
520
520.0000002
600
600
600
600
600
600
600
600
600
600
600
600
600
600
600
600
600
600
520
600
600
600
600
600
600
600
600
600
600
600
600
600
600
600
600
600
600
600
600
600
600
600
600
600
600
600
600
600
600
520
520
520
520
520
520
520
520
520
520
520
520
520
520
520
520
520
520
520
520
520
520
520
520
520
520
520
520
520
520
600
600
600
600
600
600
600
600
600
600
600
600
600
600
600
600
600
600
600
600
600
600
600
600
600
600
600
600
600
600
600
600
600
600
600
600
600
600
600
600
600
600
600
600
600
600
600
600
600
600
520
520
520
520
520
520
520
520
520
520
520
520
520
520
520
520
520
520
520
520
520
520
520
520
520
520
520
520
520
520
600
600
600
600
600
600
600
600
600
600
600
600
600
600
600
600
600
600
600
600
600
600
600
600
600
600
600
600
600
600
600
600
600
600
600
600
600
600
600
600
600
600
600
600
600
600
600
600
600
600
520
520
520
520
520
520
520
520
520
520
520
520
520
520
520
520
520
520
520
520
520
520
520
520
520
520
520
520
520
520.0000001
600
600
600
600
600
600
600
600
600
600
600
600
600
600
600
600
600
600
600
600
600
600
600
600
600
600
600
600
600
600
600
600
600
600
600
600
600
600
600
600
600
600
600
600
600
600
600
600
600
600
520
520
520
520
520
520
520
520
520
520
520
520
520
520
520
520
520
520
520
520
520
520
520
520
520
520
520
520
520
520.0000001
600
600
600
600
600
600
600
600
600
600
600
600
600
600
600
600
600
600
600
600
600
600
600
600
600
600
600
600
600
600
600
600
600
600
600
600
600
600
600
600
600
600
600
600
600
600
600
600
600
600
520
520
520
520
520
520
520
520
520
520
520
520
520
520
520
520
520
520
520
520
520
520
520
520
520
520
520
520
520
520
600
600
600
600
600
600
600
600
600
600
600
600
600
600
600
600
600
600
600
600
600
600
600
600
600
600
600
600
600
600
600
600
600
600
600
600
600
600
600
600
600
600
600
600
600
600
600
600
600
600
520
520
520
520
520
520
520
520
520
520
520
520
520
520
520
520
520
520
520
520
520
520
520
520
520
520
520
520
520
520
600
600
600
600
600
600
600
600
600
600
600
600
600
600
600
600
600
600
600
600
600
600
600
600
600
600
600
600
600
600
600
600
600
600
600
600
600
600
600
600
600
600
600
600
600
600
600
600
600
600
520
520
520
520
520
520
520
520
520
520
520
520
520
520
520
520
520
520
520
520
520
520
520
520
520
520
520
520
520
520
520.0000002
600
600
600
600
600
600
600
600
600
600
600
600
600
600
600
600
600
600
520
600
600
600
600
600
600
600
600
600
600
600
600
600
600
600
600
600
600
600
600
600
600
600
600
600
600
600
600
600
600
520
520
520
520
520
520
520
520
520
520
520
520
520
520
520
520
520
520
520
520
520
520
520
520
520
520
520
520
520
520
520
600
600
600
600
600
600
600
600
600
600
600
600
600
600
600
600
600
600
520.0000006
600
600
600
600
600
600
600
600
600
600
600
600
600
600
600
600
600
600
600
600
600
600
600
600
600
600
600
600
600
600
520
520
520
520
520
520
520
520
520
520
520
520
520
520
520
520
520
520
520
520
520
520
520
520
520
520
520
520
520
520
520
520.0000001
600
600
600
600
600
600
600
600
600
600
600
600
600
600
600
600
520.0000001
520
600
600
600
600
600
600
600
600
600
600
600
600
600
600
600
600
600
600
600
600
600
600
600
600
600
600
600
600
600
600
520
520
520
520
520
520
520
520
520
520
520
520
520
520
520
520
520
520
520
520
520
520
520
520
520
520
520
520
520
520
520
520
599.9999999
600
600
600
600
600
600
600
600
600
600
600
600
600
600
599.9999999
520.0000003
520.0000001
600
600
600
600
600
600
600
600
600
600
600
600
600
600
600
600
600
600
600
600
600
600
600
600
600
600
600
600
600
600
520
520
520
520
520
520
520
520
520
520
520
520
520
520
520
520
520
520
520
520
520
520
520
520
520
520
520
520
520
520
520
520
520
599.9999999
600
600
600
600
600
600
600
600
600
600
600
600
599.9999999
520
520
520
600
600
600
600
600
600
600
600
600
600
600
600
600
600
600
600
600
600
600
600
600
600
600
600
600
600
600
600
600
600
520
520
520
520
520
520
520
520
520
520
520
520
520
520
520
520
520
520
520
520
520
520
520
520
520
520
520
520
520
520
520
520
520
520.0000003
520
600
600
600
600
600
600
600
600
600
600
520
520
520
520
520
600
600
600
600
600
600
600
600
600
600
600
600
600
600
600
600
600
600
600
600
600
600
600
600
600
600
600
600
600
600
520
520
520
520
520
520
520
520
520
520
520
520
520
520
520
520
520
520
520
520
520
520
520
520
520
520
520
520
520
520
520
520
520
520.0000001
520
520.0000002
520.0000001
600
600
600
600
599.9999999
599.9999999
520.0000001
520
520
520
520
520
520
600
600
600
600
600
600
600
600
600
600
600
600
600
600
600
600
600
600
600
600
600
600
600
600
600
600
600
600
600
600
520
520
520
520
520
520
520
520
520
520
520
520
520
520
520
520
520
520
520
520
520
520
520
520
520.0000002
520.0000003
599.9999999
600
600
600
600
600
599.9999999
600
520
520.0000003
520
520.0000002
520
520.0000002
520
520
520
520
520
520
520
520
520
520
600
600
600
600
600
600
600
600
600
600
600
600
600
600
600
600
600
600
600
600
600
600
600
600
600
600
600
600
600
600
520
520
520
520
520
520
520
520
520
520
520
520
520
520
520
520
520
520
520
520
520
520.0000002
599.9999999
600
600
600
600
600
600
600
600
600
600
600
600
600
600
600
520.0000001
520.0000003
520
520
520
520
520
520
520
520
520
520
600
600
600
600
600
600
600
600
600
600
600
600
600
600
600
600
600
600
600
600
600
600
600
600
600
600
600
600
600
600
520
520
520
520
520
520
520
520
520
520
520
520
520
520
520
520
520
520
520
520
600
600
600
600
600
600
600
600
600
600
600
600
600
600
600
600
600
600
600
599.9999999
520
520
520
520
520
520
520
520
520
520
600
600
600
600
600
600
600
600
600
600
600
600
600
600
600
600
600
600
600
600
600
600
600
600
600
600
600
600
600
600
520
520
520
520
520
520
520
520
520
520
520
520
520
520
520
520
520
520
520.0000002
600
600
600
600
600
600
600
600
600
600
600
600
600
600
600
600
600
600
600
600
600
600
520.0000001
520
520
520
520
520
520
520
520
600
600
600
600
600
600
600
600
600
600
600
600
600
600
600
600
600
600
600
600
600
600
600
600
600
600
600
600
600
600
520
520
520
520
520
520
520
520
520
520
520
520
520
520
520
520
520
600
600
600
600
600
600
600
600
600
600
600
600
600
600
600
600
600
600
600
600
600
600
600
600
600
600
520
520
520
520
520
520
520
600
600
600
600
600
600
600
600
600
600
600
600
600
600
600
600
600
600
600
600
600
600
600
600
600
600
600
600
600
600
520
520
520
520
520
520
520
520
520
520
520
520
520
520
520
520
600
600
600
600
600
600
600
600
600
600
600
600
600
600
600
600
600
600
600
600
600
600
600
600
600
600
600
600
520
520
520
520
520
520
600
600
600
600
600
600
600
600
600
600
600
600
600
600
600
600
600
600
600
600
600
600
600
600
600
600
600
600
600
600
520
520
520
520
520
520
520
520
520
520
520
520
520
520
520
600
600
600
600
600
600
600
600
600
600
600
600
600
600
600
600
600
600
600
600
600
600
600
600
600
600
600
600
600
600
520
520
520
520
520
600
600
600
600
600
600
600
600
600
600
600
600
600
600
600
600
600
600
600
600
600
600
600
600
600
600
600
600
600
600
520
520
520
520
520
520
520
520
520
520
520
520
520
520
600
600
600
600
600
600
600
600
600
600
600
600
600
600
600
600
600
600
600
600
600
600
600
600
600
600
600
600
600
600
600
600
520
520
520
520
600
600
600
600
600
600
600
600
600
600
600
600
600
600
600
600
600
600
600
600
600
600
600
600
600
600
600
600
600
600
520
520
520
520
520
520
520
520
520
520
520
520
520
520.0000002
600
600
600
600
600
600
600
600
600
600
600
600
600
600
600
600
600
600
600
600
600
600
600
600
600
600
600
600
600
600
600
600
520.0000001
520
520
520
600
600
600
600
600
600
600
600
600
600
600
600
600
600
600
600
600
600
600
600
600
600
600
600
600
600
600
600
600
600
520
520
520
520
520
520
520
520
520
520
520
520
520
600
600
600
600
600
600
600
600
600
600
600
600
600
600
600
600
600
600
600
600
600
600
600
600
600
600
600
600
600
600
600
600
600
600
520
520
520
600
600
600
600
600
600
600
600
600
600
600
600
600
600
600
600
600
600
600
600
600
600
600
600
600
600
600
600
600
600
520
520
520
520
520
520
520
520
520
520
520
520
600
600
600
600
600
600
600
600
600
600
600
600
600
600
600
600
600
600
600
600
600
600
600
600
600
600
600
600
600
600
600
600
600
600
600
599.9999999
520.0000003
520.0000002
600
600
600
600
600
600
600
600
600
600
600
600
600
600
600
600
600
600
600
600
600
600
600
600
600
600
600
600
600
600
520
520
520
520
520
520
520
520
520
520
520
520.0000002
600
600
600
600
600
600
600
600
600
600
600
600
600
600
600
600
600
600
600
600
600
600
600
600
600
600
600
600
600
600
600
600
600
600
600
600
520.0000001
520
600
600
600
600
600
600
600
600
600
600
600
600
600
600
600
600
600
600
600
600
600
600
600
600
600
600
600
600
600
600
520
520
520
520
520
520
520
520
520
520
520
599.9999999
600
600
600
600
600
600
600
600
600
600
600
600
600
600
600
600
600
600
600
600
600
600
600
600
600
600
600
600
600
600
600
600
600
600
600
600
600
520.0000001
600
600
600
600
600
600
600
600
600
600
600
600
600
600
600
600
600
600
600
600
600
600
600
600
600
600
600
600
600
600
520
520
520
520
520
520
520
520
520
520
520
600
600
600
600
600
600
600
600
600
600
600
600
600
600
600
600
600
600
600
600
600
600
600
600
600
600
600
600
600
600
600
600
600
600
600
600
600
600
520
600
600
600
600
600
600
600
600
600
600
600
600
600
600
600
600
600
600
600
600
600
600
600
600
600
600
600
600
600
600
520
520
520
520
520
520
520
520
520
520
520.0000002
600
600
600
600
600
600
600
600
600
600
600
600
600
600
600
600
600
600
600
600
600
600
600
600
600
600
600
600
600
600
600
600
600
600
600
600
600
600
520.0000005
600
600
600
600
600
600
600
600
600
600
600
600
600
600
600
600
600
600
600
600
600
600
600
600
600
600
600
600
600
600
520
520
520
520
520
520
520
520
520
520
520.0000003
600
600
600
600
600
600
600
600
600
600
600
600
600
600
600
600
600
600
600
600
600
600
600
600
600
600
600
600
600
600
600
600
600
600
600
600
600
600
520
600
600
600
600
600
600
600
600
600
600
600
600
600
600
600
600
600
600
600
600
600
600
600
600
600
600
600
600
600
600
520
520
520
520
520
520
520
520
520
520
599.9999999
600
600
600
600
600
600
600
600
600
600
600
600
600
600
600
600
600
600
600
600
600
600
600
600
600
600
600
600
600
600
600
600
600
600
600
600
600
600
600
600
600
600
600
600
600
600
600
600
600
600
600
600
600
600
600
600
600
600
600
600
600
600
600
600
600
600
600
600
600
520
520
520
520
520
520
520
520
520
520
600
600
600
600
600
600
600
600
600
600
600
600
600
600
600
600
600
600
600
600
600
600
600
600
600
600
600
600
600
600
600
600
600
600
600
600
600
600
600
600
600
600
600
600
600
600
600
600
600
600
600
600
600
600
600
600
600
600
600
600
600
600
600
600
600
600
600
600
600
600
520
520
520
520
520
520
520
520
520
520
600
600
600
600
600
600
600
600
600
600
600
600
600
600
600
600
600
600
600
600
600
600
600
600
600
600
600
600
600
600
600
600
600
600
600
600
600
600
600
600
600
600
600
600
600
600
600
600
600
600
600
600
600
600
600
600
600
600
600
600
600
600
600
600
600
600
600
600
600
600
520
520
520
520
520
520
520
520
520
520
600
600
600
600
600
600
600
600
600
600
600
600
600
600
600
600
600
600
600
600
600
600
600
600
600
600
600
600
600
600
600
600
600
600
600
600
600
600
600
600
600
600
600
600
600
600
600
600
600
600
600
600
600
600
600
600
600
600
600
600
600
600
600
600
600
600
600
600
600
600
520
520
520
520
520
520
520
520
520
520
600
600
600
600
600
600
600
600
600
600
600
600
600
600
600
600
600
600
600
600
600
600
600
600
600
600
600
600
600
600
600
600
600
600
600
600
600
600
600
600
600
600
600
600
600
600
600
600
600
600
600
600
600
600
600
600
600
600
600
600
600
600
600
600
600
600
600
600
600
600
520
520
520
520
520
520
520
520
520
520
600
600
600
600
600
600
600
600
600
600
600
600
600
600
600
600
600
600
600
600
600
600
600
600
600
600
600
600
600
600
600
600
600
600
600
600
600
600
600
600
600
600
600
600
600
600
600
600
600
600
600
600
600
600
600
600
600
600
600
600
600
600
600
600
600
600
600
600
600
600
520
520
520
520
520
520
520
520
520
520
600
600
600
600
600
600
600
600
600
600
600
600
600
600
600
600
600
600
600
600
600
600
600
600
600
600
600
600
600
600
600
600
600
600
600
600
600
600
600
600
600
600
600
600
600
600
600
600
600
600
600
600
600
600
600
600
600
600
600
600
600
600
600
600
600
600
600
600
600
600
520
520
520
520
520
520
520
520
520
520
599.9999999
600
600
600
600
600
600
600
600
600
600
600
600
600
600
600
600
600
600
600
600
600
600
600
600
600
600
600
600
600
600
600
600
600
600
600
600
600
600
600
600
600
600
600
600
600
600
600
600
600
600
600
600
600
600
600
600
600
600
600
600
600
600
600
600
600
600
600
600
600
520
520
520
520
520
520
520
520
520
520
520.0000003
600
600
600
600
600
600
600
600
600
600
600
600
600
600
600
600
600
600
600
600
600
600
600
600
600
600
600
600
600
600
600
600
600
600
600
600
600
600
520
600
600
600
600
600
600
600
600
600
600
600
600
600
600
600
600
600
600
600
600
600
600
600
600
600
600
600
600
600
600
520
520
520
520
520
520
520
520
520
520
520.0000002
600
600
600
600
600
600
600
600
600
600
600
600
600
600
600
600
600
600
600
600
600
600
600
600
600
600
600
600
600
600
600
600
600
600
600
600
600
600
520.0000005
600
600
600
600
600
600
600
600
600
600
600
600
600
600
600
600
600
600
600
600
600
600
600
600
600
600
600
600
600
600
520
520
520
520
520
520
520
520
520
520
520
600
600
600
600
600
600
600
600
600
600
600
600
600
600
600
600
600
600
600
600
600
600
600
600
600
600
600
600
600
600
600
600
600
600
600
600
600
600
520
600
600
600
600
600
600
600
600
600
600
600
600
600
600
600
600
600
600
600
600
600
600
600
600
600
600
600
600
600
600
520
520
520
520
520
520
520
520
520
520
520
599.9999999
600
600
600
600
600
600
600
600
600
600
600
600
600
600
600
600
600
600
600
600
600
600
600
600
600
600
600
600
600
600
600
600
600
600
600
600
600
520.0000001
600
600
600
600
600
600
600
600
600
600
600
600
600
600
600
600
600
600
600
600
600
600
600
600
600
600
600
600
600
600
520
520
520
520
520
520
520
520
520
520
520
520.0000002
600
600
600
600
600
600
600
600
600
600
600
600
600
600
600
600
600
600
600
600
600
600
600
600
600
600
600
600
600
600
600
600
600
600
600
600
520.0000001
520
600
600
600
600
600
600
600
600
600
600
600
600
600
600
600
600
600
600
600
600
600
600
600
600
600
600
600
600
600
600
520
520
520
520
520
520
520
520
520
520
520
520
600
600
600
600
600
600
600
600
600
600
600
600
600
600
600
600
600
600
600
600
600
600
600
600
600
600
600
600
600
600
600
600
600
600
600
599.9999999
520.0000003
520.0000002
600
600
600
600
600
600
600
600
600
600
600
600
600
600
600
600
600
600
600
600
600
600
600
600
600
600
600
600
600
600
520
520
520
520
520
520
520
520
520
520
520
520
520
600
600
600
600
600
600
600
600
600
600
600
600
600
600
600
600
600
600
600
600
600
600
600
600
600
600
600
600
600
600
600
600
600
600
520
520
520
600
600
600
600
600
600
600
600
600
600
600
600
600
600
600
600
600
600
600
600
600
600
600
600
600
600
600
600
600
600
520
520
520
520
520
520
520
520
520
520
520
520
520
520.0000002
600
600
600
600
600
600
600
600
600
600
600
600
600
600
600
600
600
600
600
600
600
600
600
600
600
600
600
600
600
600
600
600
520.0000002
520
520
520
600
600
600
600
600
600
600
600
600
600
600
600
600
600
600
600
600
600
600
600
600
600
600
600
600
600
600
600
600
600
520
520
520
520
520
520
520
520
520
520
520
520
520
520
600
600
600
600
600
600
600
600
600
600
600
600
600
600
600
600
600
600
600
600
600
600
600
600
600
600
600
600
600
600
600
600
520
520
520
520
600
600
600
600
600
600
600
600
600
600
600
600
600
600
600
600
600
600
600
600
600
600
600
600
600
600
600
600
600
600
520
520
520
520
520
520
520
520
520
520
520
520
520
520
520
600
600
600
600
600
600
600
600
600
600
600
600
600
600
600
600
600
600
600
600
600
600
600
600
600
600
600
600
600
600
520
520
520
520
520
600
600
600
600
600
600
600
600
600
600
600
600
600
600
600
600
600
600
600
600
600
600
600
600
600
600
600
600
600
600
520
520
520
520
520
520
520
520
520
520
520
520
520
520
520
520
600
600
600
600
600
600
600
600
600
600
600
600
600
600
600
600
600
600
600
600
600
600
600
600
600
600
600
600
520
520
520
520
520
520
600
600
600
600
600
600
600
600
600
600
600
600
600
600
600
600
600
600
600
600
600
600
600
600
600
600
600
600
600
600
520
520
520
520
520
520
520
520
520
520
520
520
520
520
520
520
520
600
600
600
600
600
600
600
600
600
600
600
600
600
600
600
600
600
600
600
600
600
600
600
600
600
600
520
520
520
520
520
520
520
600
600
600
600
600
600
600
600
600
600
600
600
600
600
600
600
600
600
600
600
600
600
600
600
600
600
600
600
600
600
520
520
520
520
520
520
520
520
520
520
520
520
520
520
520
520
520
520
520.0000002
600
600
600
600
600
600
600
600
600
600
600
600
600
600
600
600
600
600
600
600
600
600
520.0000002
520
520
520
520
520
520
520
520
600
600
600
600
600
600
600
600
600
600
600
600
600
600
600
600
600
600
600
600
600
600
600
600
600
600
600
600
600
600
520
520
520
520
520
520
520
520
520
520
520
520
520
520
520
520
520
520
520
520
600
600
600
600
600
600
600
600
600
600
600
600
600
600
600
600
600
600
600
600
520
520
520
520
520
520
520
520
520
520
600
600
600
600
600
600
600
600
600
600
600
600
600
600
600
600
600
600
600
600
600
600
600
600
600
600
600
600
600
600
520
520
520
520
520
520
520
520
520
520
520
520
520
520
520
520
520
520
520
520
520
520.0000002
599.9999999
600
600
600
600
600
600
600
600
600
600
600
600
600
600
599.9999999
520.0000002
520
520
520
520
520
520
520
520
520
520
520
600
600
600
600
600
600
600
600
600
600
600
600
600
600
600
600
600
600
600
600
600
600
600
600
600
600
600
600
600
600
520
520
520
520
520
520
520
520
520
520
520
520
520
520
520
520
520
520
520
520
520
520
520
520
520.0000002
520.0000003
599.9999999
600
600
600
600
600
600
599.9999999
520.0000003
520.0000002
520
520
520
520
520
520
520
520
520
520
520
520
520
520
600
600
600
600
600
600
600
600
600
600
600
600
600
600
600
600
600
600
600
600
600
600
600
600
600
600
600
600
600
600
520
520
520
520
520
520
520
520
520
520
520
520
520
520
520
520
520
520
520
520
520
520
520
520
520
520
520
520
520
520
520
520
520
520
520
520
520
520
520
520
520
520
520
520
520
520
520
520
520
520
600
600
600
600
600
600
600
600
600
600
600
600
600
600
600
600
600
600
600
600
600
600
600
600
600
600
600
600
600
600
520
520
520
520
520
520
520
520
520
520
520
520
520
520
520
520
520
520
520
520
520
520
520
520
520
520
520
520
520
520
520
520
520
520
520
520
520
520
520
520
520
520
520
520
520
520
520
520
520
520
600
600
600
600
600
600
600
600
600
600
600
600
600
600
600
600
600
600
600
600
600
600
600
600
600
600
600
600
600
600
520
520
520
520
520
520
520
520
520
520
520
520
520
520
520
520
520
520
520
520
520
520
520
520
520
520
520
520
520
520
520
520
520
520
520
520
520
520
520
520
520
520
520
520
520
520
520
520
520
520
600
600
600
600
600
600
600
600
600
600
600
600
600
600
600
600
600
600
600
600
600
600
600
600
600
600
600
600
600
600
520
520
520
520
520
520
520
520
520
520
520
520
520
520
520
520
520
520
520
520
520
520
520
520
520
520
520
520
520
520
520
520
520
520
520
520
520
520
520
520
520
520
520
520
520
520
520
520
520
520
600
600
600
600
600
600
600
600
600
600
600
600
600
600
600
600
600
600
600
600
600
600
600
600
600
600
600
600
600
600
520
520
520
520
520
520
520
520
520
520
520
520
520
520
520
520
520
520
520
520
520
520
520
520
520
520
520
520
520
520
520
520
520
520
520
520
520
520
520
520
520
520
520
520
520
520
520
520
520
520
600
600
600
600
600
600
600
600
600
600
600
600
600
600
600
600
600
600
600
600
600
600
600
600
600
600
600
600
600
600
520
520
520
520
520
520
520
520
520
520
520
520
520
520
520
520
520
520
520
520
520
520
520
520
520
520
520
520
520
520
520
520
520
520
520
520
520
520
520
520
520
520
520
520
520
520
520
520
520
520
600
600
600
600
600
600
600
600
600
600
600
600
600
600
600
600
600
600
600
600
600
600
600
600
600
600
600
600
600
600
520
520
520
520
520
520
520
520
520
520
520
520
520
520
520
520
520
520
520
520
520
520
520
520
520
520
520
520
520
520
520
520
520
520
520
520
520
520
520
520
520
520
520
520
520
520
520
520
520
520
600
600
600
600
600
600
600
600
600
600
600
600
600
600
600
600
600
600
600
600
600
600
600
600
600
600
600
600
600
600
520
520
520
520
520
520
520
520
520
520
520
520
520
520
520
520
520
520
520
520
520
520
520
520
520
520
520
520
520
520
520
520
520
520
520
520
520
520
520
520
520
520
520
520
520
520
520
520
520
520
600
600
600
600
600
600
600
600
600
600
600
600
600
600
600
600
600
600
600
600
600
600
600
600
600
600
600
600
600
600
520
520
520
520
520
520
520
520
520
520
520
520
520
520
520
520
520
520
520
520
520
520
520
520
520
520
520
520
520
520
520
520
520
520
520
520
520
520
520
520
520
520
520
520
520
520
520
520
520
520
600
600
600
600
600
600
600
600
600
600
600
600
600
600
600
600
600
600
600
600
600
600
600
600
600
600
600
600
600
600
520
520
520
520
520
520
520
520
520
520
520
520
520
520
520
520
520
520
520
520
520
520
520
520
520
520
520
520
520
520
520
520
520
520
520
520
520
520
520
520
520
520
520
520
520
520
520
520
520
520
600
600
600
600
600
600
600
600
600
600
600
600
600
600
600
600
600
600
600
600
600
600
600
600
600
600
600
600
600
600
520
520
520
520
520
520
520
520
520
520
520
520
520
520
520
520
520
520
520
520
520
520
520
520
520
520
520
520
520
520
520
520
520
520
520
520
520
520
520
520
520
520
520
520
520
520
520
520
520
520
600
600
600
600
600
600
600
600
600
600
600
600
600
600
600
600
600
600
600
600
600
600
600
600
600
600
600
600
600
600
520
520
520
520
520
520
520
520
520
520
520
520
520
520
520
520
520
520
520
520
520
520
520
520
520
520
520
520
520
520
520
520
520
520
520
520
520
520
520
520
520
520
520
520
520
520
520
520
520
520
600
600
600
600
600
600
600
600
600
600
600
600
600
600
600
600
600
600
600
600
600
600
600
600
600
600
600
600
600
600
520
520
520
520
520
520
520
520
520
520
520
520
520
520
520
520
520
520
520
520
520
520
520
520
520
520
520
520
520
520
520
520
520
520
520
520
520
520
520
520
520
520
520
520
520
520
520
520
520
520
600
600
600
600
600
600
600
600
600
600
600
600
600
600
600
600
600
600
600
600
600
600
600
600
600
600
600
600
600
600
520
520
520
520
520
520
520
520
520
520
520
520
520
520
520
520
520
520
520
520
520
520
520
520
520
520
520
520
520
520
520
520
520
520
520
520
520
520
520
520
520
520
520
520
520
520
520
520
520
520
600
600
600
600
600
600
600
600
600
600
600
600
600
600
600
600
600
600
600
600
600
600
600
600
600
600
600
600
600
600
520
520
520
520
520
520
520
520
520
520
520
520
520
520
520
520
520
520
520
520
520
520
520
520
520
520
520
520
520
520
520
520
520
520
520
520
520
520
520
520
520
520
520
520
520
520
520
520
520
520
600
600
600
600
600
600
600
600
600
600
600
600
600
600
600
600
600
600
600
600
600
600
600
600
600
600
600
600
600
600
520
520
520
520
520
520
520
520
520
520
520
520
520
520
520
520
520
520
520
520
520
520
520
520
520
520
520
520
520
520
520
520
520
520
520
520
520
520
520
520
520
520
520
520
520
520
520
520
520
520
600
600
600
600
600
600
600
600
600
600
600
600
600
600
600
600
600
600
600
600
600
600
600
600
600
600
600
600
600
600
520
520
520
520
520
520
520
520
520
520
520
520
520
520
520
520
520
520
520
520
520
520
520
520
520
520
520
520
520
520
520
520
520
520
520
520
520
520
520
520
520
520
520
520
520
520
520
520
520
520
600
600
600
600
600
600
600
600
600
600
600
600
600
600
600
600
600
600
600
600
600
600
600
600
600
600
600
600
600
600
520
520
520
520
520
520
520
520
520
520
520
520
520
520
520
520
520
520
520
520
520
520
520
520
520
520
520
520
520
520
520
520
520
520
520
520
520
520
520
520
520
520
520
520
520
520
520
520
520
520
600
600
600
600
600
600
600
600
600
600
600
600
600
600
600
600
600
600
600
600
600
600
600
600
600
600
600
600
600
600
520
520
520
520
520
520
520
520
520
520
520
520
520
520
520
520
520
520
520
520
520
520
520
520
520
520
520
520
520
520
520
520
520
520
520
520
520
520
520
520
520
520
520
520
520
520
520
520
520
520
600
600
600
600
600
600
600
600
600
600
600
600
600
600
600
600
600
600
600
600
600
600
600
600
600
600
600
600
600
600
520
520
520
520
520
520
520
520
520
520
520
520
520
520
520
520
520
520
520
520
520
520
520
520
520
520
520
520
520
520
520
520
520
520
520
520
520
520
520
520
520
520
520
520
520
520
520
520
520
520
600
600
600
600
600
600
600
600
600
600
600
600
600
600
600
600
600
600
600
600
600
600
600
600
600
600
600
600
600
600
)
;

boundaryField
{
    lowerWall
    {
        type            calculated;
        value           uniform 600;
    }
    atmosphere
    {
        type            calculated;
        value           nonuniform List<scalar> 
240
(
520
520
520
520
520
520
520
520
520
520
520
520
520
520
520
520
520
520
520
520
520
520
520
520
520
520
520
520
520
520
520
520
520
520
520
520
520
520
520
520
520
520
520
520
520
520
520
520
520
520
520
520
520
520
520
520
520
520
520
520
520
520
520
520
520
520
520
520
520
520
520
520
520
520
520
520
520
520
520
520
520
520
520
520
520
520
520
520
520
520
520
520
520
520
520
520
520
520
520
520
520
520
520.1319457
520.1589733
520.1581377
520.0757095
520.030342
520.0382984
520.0387983
520.0118251
520.0001066
520.0000917
520.0000945
526.5097353
529.4807869
529.4811064
522.6295121
520
520
520
520
520
520
520
520
520
520
520
520
520
520
520
520
520
520
520
520
520
520
520
520
520
520
520
520
520
520
520
520
520
520
520
520
520
520
520
520
520
520.0449109
520.0728395
520.0751043
520.0751043
520.0751043
520.0153618
520.0000115
520.0000003
520
520
520
520
520
520
520
520
520
520
520
520
520
520
520
520
520
520
520
520
520
520
520
520
520
520
520
520
520
520
520
520
520
520
520
520
520
520
520
520
520
520
520
520
520
520
520
520
520
520
520
520
520
520
520
520
520
520
520
520
520
520
520
520
520
520
520
520
520
520
520
520
520
520
)
;
    }
    rightWall
    {
        type            empty;
    }
    leftWall
    {
        type            empty;
    }
    frontAndBack
    {
        type            calculated;
        value           nonuniform List<scalar> 
160
(
520
520
520
520
520
520
520
520
520
520
520
520
520
520
520
520
520
520
520
520
520
520
520
520
520
520
520
520
520
520
520
520
520
520
520
520
520
520
520
520
520
520
520
520
520
520
520
520
520
520
600
600
600
600
600
600
600
600
600
600
600
600
600
600
600
600
600
600
600
600
600
600
600
600
600
600
600
600
600
600
520
520
520
520
520
520
520
520
520
520
520
520
520
520
520
520
520
520
520
520
520
520
520
520
520
520
520
520
520
520
520
520
520
520
520
520
520
520
520
520
520
520
520
520
520
520
520
520
520
520
600
600
600
600
600
600
600
600
600
600
600
600
600
600
600
600
600
600
600
600
600
600
600
600
600
600
600
600
600
600
)
;
    }
}


// ************************************************************************* //
