/*--------------------------------*- C++ -*----------------------------------*\
  =========                 |
  \\      /  F ield         | OpenFOAM: The Open Source CFD Toolbox
   \\    /   O peration     | Website:  https://openfoam.org
    \\  /    A nd           | Version:  10
     \\/     M anipulation  |
\*---------------------------------------------------------------------------*/
FoamFile
{
    format      ascii;
    class       volScalarField;
    location    "0.008";
    object      kappa;
}
// * * * * * * * * * * * * * * * * * * * * * * * * * * * * * * * * * * * * * //

dimensions      [1 1 -3 -1 0 0 0];

internalField   nonuniform List<scalar> 
19200
(
0.016
0.016
0.016
0.016
0.016
0.016
0.016
0.016
0.016
0.016
0.016
0.016
0.016
0.016
0.016
0.016
0.016
0.016
0.016
0.016
0.016
0.016
0.016
0.016
0.016
0.016
0.016
0.016
0.016
0.016
0.016
0.016
0.016
0.016
0.016
0.016
0.016
0.016
0.016
0.016
0.016
0.016
0.016
0.016
0.016
0.016
0.016
0.016
0.016
0.016
20
20
20
20
20
20
20
20
20
20
20
20
20
20
20
20
20
20
20
20
20
20
20
20
20
20
20
20
20
20
0.016
0.016
0.016
0.016
0.016
0.016
0.016
0.016
0.016
0.016
0.016
0.016
0.016
0.016
0.016
0.016
0.016
0.016
0.016
0.016
0.016
0.016
0.016
0.016
0.016
0.016
0.016
0.016
0.016
0.016
0.016
0.016
0.016
0.016
0.016
0.016
0.016
0.016
0.016
0.016
0.016
0.016
0.016
0.016
0.016
0.016
0.016
0.016
0.016
0.016
20
20
20
20
20
20
20
20
20
20
20
20
20
20
20
20
20
20
20
20
20
20
20
20
20
20
20
20
20
20
0.016
0.016
0.016
0.016
0.016
0.016
0.016
0.016
0.016
0.016
0.016
0.016
0.016
0.016
0.016
0.016
0.016
0.016
0.016
0.016
0.016
0.016
0.016
0.016
0.016
0.016
0.016
0.016
0.016
0.016
0.016
0.016
0.016
0.016
0.016
0.016
0.016
0.016
0.016
0.016
0.016
0.016
0.016
0.016
0.016
0.016
0.016
0.016
0.016
0.016
20
20
20
20
20
20
20
20
20
20
20
20
20
20
20
20
20
20
20
20
20
20
20
20
20
20
20
20
20
20
0.016
0.016
0.016
0.016
0.016
0.016
0.016
0.016
0.016
0.016
0.016
0.016
0.016
0.016
0.016
0.016
0.016
0.016
0.016
0.016
0.016
0.016
0.016
0.016
0.016
0.016
0.016
0.016
0.016
0.016
0.016
0.016
0.016
0.016
0.016
0.016
0.016
0.016
0.016
0.016
0.016
0.016
0.016
0.016
0.016
0.016
0.016
0.016
0.016
0.016
20
20
20
20
20
20
20
20
20
20
20
20
20
20
20
20
20
20
20
20
20
20
20
20
20
20
20
20
20
20
0.016
0.016
0.016
0.016
0.016
0.016
0.016
0.016
0.016
0.016
0.016
0.016
0.016
0.016
0.016
0.016
0.016
0.016
0.016
0.016
0.016
0.016
0.016
0.016
0.016
0.016
0.016
0.016
0.016
0.016
0.016
0.016
0.016
0.016
0.016
0.016
0.016
0.016
0.016
0.016
0.016
0.016
0.016
0.016
0.016
0.016
0.016
0.016
0.016
0.016
20
20
20
20
20
20
20
20
20
20
20
20
20
20
20
20
20
20
20
20
20
20
20
20
20
20
20
20
20
20
0.016
0.016
0.016
0.016
0.016
0.016
0.016
0.016
0.016
0.016
0.016
0.016
0.016
0.016
0.016
0.016
0.016
0.016
0.016
0.016
0.016
0.016
0.016
0.016
0.016
0.016
0.016
0.016
0.016
0.016
0.016
0.016
0.016
0.016
0.016
0.016
0.016
0.016
0.016
0.016
0.016
0.016
0.016
0.016
0.016
0.016
0.016
0.016
0.016
0.016
20
20
20
20
20
20
20
20
20
20
20
20
20
20
20
20
20
20
20
20
20
20
20
20
20
20
20
20
20
20
0.016
0.016
0.016
0.016
0.016
0.016
0.016
0.016
0.016
0.016
0.016
0.016
0.016
0.016
0.016
0.016
0.016
0.016
0.016
0.016
0.016
0.016
0.016
0.016
0.016
0.016
0.016
0.016
0.016
0.016
0.016
0.016
0.016
0.016
0.016
0.016
0.016
0.016
0.016
0.016
0.016
0.016
0.016
0.016
0.016
0.016
0.016
0.016
0.016
0.016
20
20
20
20
20
20
20
20
20
20
20
20
20
20
20
20
20
20
20
20
20
20
20
20
20
20
20
20
20
20
0.016
0.016
0.016
0.016
0.016
0.016
0.016
0.016
0.016
0.016
0.016
0.016
0.016
0.016
0.016
0.016
0.016
0.016
0.016
0.016
0.016
0.016
0.016
0.016
0.016
0.016
0.016
0.016
0.016
0.016
0.016
0.016
0.016
0.016
0.016
0.016
0.016
0.016
0.016
0.016
0.016
0.016
0.016
0.016
0.016
0.016
0.016
0.016
0.016
0.016
20
20
20
20
20
20
20
20
20
20
20
20
20
20
20
20
20
20
20
20
20
20
20
20
20
20
20
20
20
20
0.016
0.016
0.016
0.016
0.016
0.016
0.016
0.016
0.016
0.016
0.016
0.016
0.016
0.016
0.016
0.016
0.016
0.016
0.016
0.016
0.016
0.016
0.016
0.016
0.016
0.016
0.016
0.016
0.016
0.016
0.016
0.016
0.016
0.016
0.016
0.016
0.016
0.016
0.016
0.016
0.016
0.016
0.016
0.016
0.016
0.016
0.016
0.016
0.016
0.016
20
20
20
20
20
20
20
20
20
20
20
20
20
20
20
20
20
20
20
20
20
20
20
20
20
20
20
20
20
20
0.016
0.016
0.016
0.016
0.016
0.016
0.016
0.016
0.016
0.016
0.016
0.016
0.016
0.016
0.016
0.016
0.016
0.016
0.016
0.016
0.016
0.016
0.016
0.016
0.016
0.016
0.016
0.016
0.016
0.016
0.016
0.016
0.016
0.016
0.016
0.016
0.016
0.016
0.016
0.0160000068
0.01600000668
0.016
0.016
0.016
0.016
0.016
0.016
0.016
0.016
0.016
20
20
20
20
20
20
20
20
20
20
20
20
20
20
20
20
20
20
20
20
20
20
20
20
20
20
20
20
20
20
0.016
0.016
0.016
0.016
0.016
0.016
0.016
0.016
0.016
0.016
0.016
0.016
0.016
0.016
0.016
0.016
0.016
0.016
0.016
0.016
0.016
0.016
0.016
0.016
0.016
0.016
0.016
0.016
0.016
0.016
0.016
0.016
0.016
0.016
0.016
0.016
0.01600001911
19.99999999
19.99999999
20
20
19.99999999
19.99999999
0.01600001748
0.016
0.016
0.016
0.016
0.016
0.016
20
20
20
20
20
20
20
20
20
20
20
20
20
20
20
20
20
20
20
20
20
20
20
20
20
20
20
20
20
20
0.016
0.016
0.016
0.016
0.016
0.016
0.016
0.016
0.016
0.016
0.016
0.016
0.016
0.016
0.016
0.016
0.016
0.016
0.016
0.016
0.016
0.016
0.016
0.016
0.016
0.016
0.016
0.016
0.016
0.016
0.016
0.016
0.016
0.0160000037
0.01600001196
20
20
20
20
20
20
20
20
20
20
0.01600000685
0.01600000045
0.016
0.016
0.016
20
20
20
20
20
20
20
20
20
20
20
20
20
20
20
20
20
20
20
20
20
20
20
20
20
20
20
20
20
20
0.016
0.016
0.016
0.016
0.016
0.016
0.016
0.016
0.016
0.016
0.016
0.016
0.016
0.016
0.016
0.016
0.016
0.016
0.016
0.016
0.016
0.016
0.016
0.016
0.016
0.016
0.016
0.016
0.016
0.016
0.016
0.016
0.016
19.99999999
20
20
20
20
20
20
20
20
20
20
20
20
19.99999999
0.016
0.016
0.016
19.99999999
20
20
20
20
20
20
20
20
20
20
20
20
20
20
20
20
20
20
20
20
20
20
20
20
20
20
20
20
20
0.016
0.016
0.016
0.016
0.016
0.016
0.016
0.016
0.016
0.016
0.016
0.016
0.016
0.016
0.016
0.016
0.016
0.016
0.016
0.016
0.016
0.016
0.016
0.016
0.016
0.016
0.016
0.016
0.016
0.016
0.016
0.01600000371
19.99999999
20
20
20
20
20
20
20
20
20
20
20
20
20
20
19.99999998
0.01600003185
0.0160000155
20
20
20
20
20
20
20
20
20
20
20
20
20
20
20
20
20
20
20
20
20
20
20
20
20
20
20
20
20
20
0.016
0.016
0.016
0.016
0.016
0.016
0.016
0.016
0.016
0.016
0.016
0.016
0.016
0.016
0.016
0.016
0.016
0.016
0.016
0.016
0.016
0.016
0.016
0.016
0.016
0.016
0.016
0.016
0.016
0.016
0.016
0.01600001211
20
20
20
20
20
20
20
20
20
20
20
20
20
20
20
20
0.01600000813
0.016
19.99999999
20
20
20
20
20
20
20
20
20
20
20
20
20
20
20
20
20
20
20
20
20
20
20
20
20
20
20
20
20
0.016
0.016
0.016
0.016
0.016
0.016
0.016
0.016
0.016
0.016
0.016
0.016
0.016
0.016
0.016
0.016
0.016
0.016
0.016
0.016
0.016
0.016
0.016
0.016
0.016
0.016
0.016
0.016
0.016
0.016
0.016
20
20
20
20
20
20
20
20
20
20
20
20
20
20
20
20
20
20
0.01600006008
20
20
20
20
20
20
20
20
20
20
20
20
20
20
20
20
20
20
20
20
20
20
20
20
20
20
20
20
20
20
0.016
0.016
0.016
0.016
0.016
0.016
0.016
0.016
0.016
0.016
0.016
0.016
0.016
0.016
0.016
0.016
0.016
0.016
0.016
0.016
0.016
0.016
0.016
0.016
0.016
0.016
0.016
0.016
0.016
0.016
0.01600001947
20
20
20
20
20
20
20
20
20
20
20
20
20
20
20
20
20
19.99999999
0.01600000089
20
20
20
20
20
20
20
20
20
20
20
20
20
20
20
20
20
20
20
20
20
20
20
20
20
20
20
20
20
20
0.016
0.016
0.016
0.016
0.016
0.016
0.016
0.016
0.016
0.016
0.016
0.016
0.016
0.016
0.016
0.016
0.016
0.016
0.016
0.016
0.016
0.016
0.016
0.016
0.016
0.016
0.016
0.016
0.016
0.016
19.99999999
20
20
20
20
20
20
20
20
20
20
20
20
20
20
20
20
20
20
20
20
20
20
20
20
20
20
20
20
20
20
20
20
20
20
20
20
20
20
20
20
20
20
20
20
20
20
20
20
20
0.016
0.016
0.016
0.016
0.016
0.016
0.016
0.016
0.016
0.016
0.016
0.016
0.016
0.016
0.016
0.016
0.016
0.016
0.016
0.016
0.016
0.016
0.016
0.016
0.016
0.016
0.016
0.016
0.016
0.016
19.99999999
20
20
20
20
20
20
20
20
20
20
20
20
20
20
20
20
20
20
20
20
20
20
20
20
20
20
20
20
20
20
20
20
20
20
20
20
20
20
20
20
20
20
20
20
20
20
20
20
20
0.016
0.016
0.016
0.016
0.016
0.016
0.016
0.016
0.016
0.016
0.016
0.016
0.016
0.016
0.016
0.016
0.016
0.016
0.016
0.016
0.016
0.016
0.016
0.016
0.016
0.016
0.016
0.016
0.016
0.01600000723
20
20
20
20
20
20
20
20
20
20
20
20
20
20
20
20
20
20
20
20
20
20
20
20
20
20
20
20
20
20
20
20
20
20
20
20
20
20
20
20
20
20
20
20
20
20
20
20
20
20
0.016
0.016
0.016
0.016
0.016
0.016
0.016
0.016
0.016
0.016
0.016
0.016
0.016
0.016
0.016
0.016
0.016
0.016
0.016
0.016
0.016
0.016
0.016
0.016
0.016
0.016
0.016
0.016
0.016
0.01600000723
20
20
20
20
20
20
20
20
20
20
20
20
20
20
20
20
20
20
20
20
20
20
20
20
20
20
20
20
20
20
20
20
20
20
20
20
20
20
20
20
20
20
20
20
20
20
20
20
20
20
0.016
0.016
0.016
0.016
0.016
0.016
0.016
0.016
0.016
0.016
0.016
0.016
0.016
0.016
0.016
0.016
0.016
0.016
0.016
0.016
0.016
0.016
0.016
0.016
0.016
0.016
0.016
0.016
0.016
0.016
19.99999999
20
20
20
20
20
20
20
20
20
20
20
20
20
20
20
20
20
20
20
20
20
20
20
20
20
20
20
20
20
20
20
20
20
20
20
20
20
20
20
20
20
20
20
20
20
20
20
20
20
0.016
0.016
0.016
0.016
0.016
0.016
0.016
0.016
0.016
0.016
0.016
0.016
0.016
0.016
0.016
0.016
0.016
0.016
0.016
0.016
0.016
0.016
0.016
0.016
0.016
0.016
0.016
0.016
0.016
0.016
19.99999999
20
20
20
20
20
20
20
20
20
20
20
20
20
20
20
20
20
20
20
20
20
20
20
20
20
20
20
20
20
20
20
20
20
20
20
20
20
20
20
20
20
20
20
20
20
20
20
20
20
0.016
0.016
0.016
0.016
0.016
0.016
0.016
0.016
0.016
0.016
0.016
0.016
0.016
0.016
0.016
0.016
0.016
0.016
0.016
0.016
0.016
0.016
0.016
0.016
0.016
0.016
0.016
0.016
0.016
0.016
0.01600001947
20
20
20
20
20
20
20
20
20
20
20
20
20
20
20
20
20
19.99999999
0.0160000008
20
20
20
20
20
20
20
20
20
20
20
20
20
20
20
20
20
20
20
20
20
20
20
20
20
20
20
20
20
20
0.016
0.016
0.016
0.016
0.016
0.016
0.016
0.016
0.016
0.016
0.016
0.016
0.016
0.016
0.016
0.016
0.016
0.016
0.016
0.016
0.016
0.016
0.016
0.016
0.016
0.016
0.016
0.016
0.016
0.016
0.016
20
20
20
20
20
20
20
20
20
20
20
20
20
20
20
20
20
20
0.01600006002
20
20
20
20
20
20
20
20
20
20
20
20
20
20
20
20
20
20
20
20
20
20
20
20
20
20
20
20
20
20
0.016
0.016
0.016
0.016
0.016
0.016
0.016
0.016
0.016
0.016
0.016
0.016
0.016
0.016
0.016
0.016
0.016
0.016
0.016
0.016
0.016
0.016
0.016
0.016
0.016
0.016
0.016
0.016
0.016
0.016
0.016
0.0160000121
20
20
20
20
20
20
20
20
20
20
20
20
20
20
20
20
0.01600000818
0.016
19.99999999
20
20
20
20
20
20
20
20
20
20
20
20
20
20
20
20
20
20
20
20
20
20
20
20
20
20
20
20
20
0.016
0.016
0.016
0.016
0.016
0.016
0.016
0.016
0.016
0.016
0.016
0.016
0.016
0.016
0.016
0.016
0.016
0.016
0.016
0.016
0.016
0.016
0.016
0.016
0.016
0.016
0.016
0.016
0.016
0.016
0.016
0.01600000371
19.99999999
20
20
20
20
20
20
20
20
20
20
20
20
20
20
19.99999998
0.01600003183
0.01600001521
20
20
20
20
20
20
20
20
20
20
20
20
20
20
20
20
20
20
20
20
20
20
20
20
20
20
20
20
20
20
0.016
0.016
0.016
0.016
0.016
0.016
0.016
0.016
0.016
0.016
0.016
0.016
0.016
0.016
0.016
0.016
0.016
0.016
0.016
0.016
0.016
0.016
0.016
0.016
0.016
0.016
0.016
0.016
0.016
0.016
0.016
0.016
0.016
19.99999999
20
20
20
20
20
20
20
20
20
20
20
20
19.99999999
0.016
0.016
0.016
19.99999999
20
20
20
20
20
20
20
20
20
20
20
20
20
20
20
20
20
20
20
20
20
20
20
20
20
20
20
20
20
0.016
0.016
0.016
0.016
0.016
0.016
0.016
0.016
0.016
0.016
0.016
0.016
0.016
0.016
0.016
0.016
0.016
0.016
0.016
0.016
0.016
0.016
0.016
0.016
0.016
0.016
0.016
0.016
0.016
0.016
0.016
0.016
0.016
0.0160000037
0.01600001195
20
20
20
20
20
20
20
20
20
20
0.01600000684
0.01600000045
0.016
0.016
0.016
20
20
20
20
20
20
20
20
20
20
20
20
20
20
20
20
20
20
20
20
20
20
20
20
20
20
20
20
20
20
0.016
0.016
0.016
0.016
0.016
0.016
0.016
0.016
0.016
0.016
0.016
0.016
0.016
0.016
0.016
0.016
0.016
0.016
0.016
0.016
0.016
0.016
0.016
0.016
0.016
0.016
0.016
0.016
0.016
0.016
0.016
0.016
0.016
0.016
0.016
0.016
0.01600001911
19.99999999
19.99999999
20
20
19.99999999
19.99999999
0.01600001748
0.016
0.016
0.016
0.016
0.016
0.016
20
20
20
20
20
20
20
20
20
20
20
20
20
20
20
20
20
20
20
20
20
20
20
20
20
20
20
20
20
20
0.016
0.016
0.016
0.016
0.016
0.016
0.016
0.016
0.016
0.016
0.016
0.016
0.016
0.016
0.016
0.016
0.016
0.016
0.016
0.016
0.016
0.016
0.016
0.016
0.016
0.016
0.016
0.016
0.016
0.016
0.016
0.016
0.016
0.016
0.016
0.016
0.016
0.016
0.016
0.0160000068
0.01600000668
0.016
0.016
0.016
0.016
0.016
0.016
0.016
0.016
0.016
20
20
20
20
20
20
20
20
20
20
20
20
20
20
20
20
20
20
20
20
20
20
20
20
20
20
20
20
20
20
0.016
0.016
0.016
0.016
0.016
0.016
0.016
0.016
0.016
0.016
0.016
0.016
0.016
0.016
0.016
0.016
0.016
0.016
0.016
0.016
0.016
0.016
0.016
0.016
0.016
0.016
0.016
0.016
0.016
0.016
0.016
0.016
0.016
0.016
0.016
0.016
0.016
0.016
0.016
0.016
0.016
0.016
0.016
0.016
0.016
0.016
0.016
0.016
0.016
0.016
20
20
20
20
20
20
20
20
20
20
20
20
20
20
20
20
20
20
20
20
20
20
20
20
20
20
20
20
20
20
0.016
0.016
0.016
0.016
0.016
0.016
0.016
0.016
0.016
0.016
0.016
0.016
0.016
0.016
0.016
0.016
0.016
0.016
0.016
0.016
0.016
0.016
0.016
0.016
0.016
0.016
0.016
0.016
0.016
0.016
0.016
0.016
0.016
0.016
0.016
0.016
0.016
0.016
0.016
0.016
0.016
0.016
0.016
0.016
0.016
0.016
0.016
0.016
0.016
0.016
20
20
20
20
20
20
20
20
20
20
20
20
20
20
20
20
20
20
20
20
20
20
20
20
20
20
20
20
20
20
0.016
0.016
0.016
0.016
0.016
0.016
0.016
0.016
0.016
0.016
0.016
0.016
0.016
0.016
0.016
0.016
0.016
0.016
0.016
0.016
0.016
0.016
0.016
0.016
0.016
0.016
0.016
0.016
0.016
0.016
0.016
0.016
0.016
0.016
0.016
0.016
0.016
0.016
0.016
0.01600000679
0.01600000668
0.016
0.016
0.016
0.016
0.016
0.016
0.016
0.016
0.016
20
20
20
20
20
20
20
20
20
20
20
20
20
20
20
20
20
20
20
20
20
20
20
20
20
20
20
20
20
20
0.016
0.016
0.016
0.016
0.016
0.016
0.016
0.016
0.016
0.016
0.016
0.016
0.016
0.016
0.016
0.016
0.016
0.016
0.016
0.016
0.016
0.016
0.016
0.016
0.016
0.016
0.016
0.016
0.016
0.016
0.016
0.016
0.016
0.016
0.016
0.016
0.01600001911
19.99999999
19.99999999
20
20
19.99999999
19.99999999
0.01600001747
0.016
0.016
0.016
0.016
0.016
0.016
20
20
20
20
20
20
20
20
20
20
20
20
20
20
20
20
20
20
20
20
20
20
20
20
20
20
20
20
20
20
0.016
0.016
0.016
0.016
0.016
0.016
0.016
0.016
0.016
0.016
0.016
0.016
0.016
0.016
0.016
0.016
0.016
0.016
0.016
0.016
0.016
0.016
0.016
0.016
0.016
0.016
0.016
0.016
0.016
0.016
0.016
0.016
0.016
0.0160000037
0.01600001195
20
20
20
20
20
20
20
20
20
20
0.01600000683
0.01600000044
0.016
0.016
0.016
20
20
20
20
20
20
20
20
20
20
20
20
20
20
20
20
20
20
20
20
20
20
20
20
20
20
20
20
20
20
0.016
0.016
0.016
0.016
0.016
0.016
0.016
0.016
0.016
0.016
0.016
0.016
0.016
0.016
0.016
0.016
0.016
0.016
0.016
0.016
0.016
0.016
0.016
0.016
0.016
0.016
0.016
0.016
0.016
0.016
0.016
0.016
0.016
19.99999999
20
20
20
20
20
20
20
20
20
20
20
20
19.99999999
0.016
0.016
0.016
19.99999999
20
20
20
20
20
20
20
20
20
20
20
20
20
20
20
20
20
20
20
20
20
20
20
20
20
20
20
20
20
0.016
0.016
0.016
0.016
0.016
0.016
0.016
0.016
0.016
0.016
0.016
0.016
0.016
0.016
0.016
0.016
0.016
0.016
0.016
0.016
0.016
0.016
0.016
0.016
0.016
0.016
0.016
0.016
0.016
0.016
0.016
0.01600000371
19.99999999
20
20
20
20
20
20
20
20
20
20
20
20
20
20
19.99999998
0.01600003182
0.01600001518
20
20
20
20
20
20
20
20
20
20
20
20
20
20
20
20
20
20
20
20
20
20
20
20
20
20
20
20
20
20
0.016
0.016
0.016
0.016
0.016
0.016
0.016
0.016
0.016
0.016
0.016
0.016
0.016
0.016
0.016
0.016
0.016
0.016
0.016
0.016
0.016
0.016
0.016
0.016
0.016
0.016
0.016
0.016
0.016
0.016
0.016
0.01600001211
20
20
20
20
20
20
20
20
20
20
20
20
20
20
20
20
0.01600000818
0.016
19.99999999
20
20
20
20
20
20
20
20
20
20
20
20
20
20
20
20
20
20
20
20
20
20
20
20
20
20
20
20
20
0.016
0.016
0.016
0.016
0.016
0.016
0.016
0.016
0.016
0.016
0.016
0.016
0.016
0.016
0.016
0.016
0.016
0.016
0.016
0.016
0.016
0.016
0.016
0.016
0.016
0.016
0.016
0.016
0.016
0.016
0.016
20
20
20
20
20
20
20
20
20
20
20
20
20
20
20
20
20
20
0.01600005999
20
20
20
20
20
20
20
20
20
20
20
20
20
20
20
20
20
20
20
20
20
20
20
20
20
20
20
20
20
20
0.016
0.016
0.016
0.016
0.016
0.016
0.016
0.016
0.016
0.016
0.016
0.016
0.016
0.016
0.016
0.016
0.016
0.016
0.016
0.016
0.016
0.016
0.016
0.016
0.016
0.016
0.016
0.016
0.016
0.016
0.01600001949
20
20
20
20
20
20
20
20
20
20
20
20
20
20
20
20
20
19.99999999
0.01600000077
20
20
20
20
20
20
20
20
20
20
20
20
20
20
20
20
20
20
20
20
20
20
20
20
20
20
20
20
20
20
0.016
0.016
0.016
0.016
0.016
0.016
0.016
0.016
0.016
0.016
0.016
0.016
0.016
0.016
0.016
0.016
0.016
0.016
0.016
0.016
0.016
0.016
0.016
0.016
0.016
0.016
0.016
0.016
0.016
0.016
19.99999999
20
20
20
20
20
20
20
20
20
20
20
20
20
20
20
20
20
20
20
20
20
20
20
20
20
20
20
20
20
20
20
20
20
20
20
20
20
20
20
20
20
20
20
20
20
20
20
20
20
0.016
0.016
0.016
0.016
0.016
0.016
0.016
0.016
0.016
0.016
0.016
0.016
0.016
0.016
0.016
0.016
0.016
0.016
0.016
0.016
0.016
0.016
0.016
0.016
0.016
0.016
0.016
0.016
0.016
0.016
19.99999999
20
20
20
20
20
20
20
20
20
20
20
20
20
20
20
20
20
20
20
20
20
20
20
20
20
20
20
20
20
20
20
20
20
20
20
20
20
20
20
20
20
20
20
20
20
20
20
20
20
0.016
0.016
0.016
0.016
0.016
0.016
0.016
0.016
0.016
0.016
0.016
0.016
0.016
0.016
0.016
0.016
0.016
0.016
0.016
0.016
0.016
0.016
0.016
0.016
0.016
0.016
0.016
0.016
0.016
0.01600000724
20
20
20
20
20
20
20
20
20
20
20
20
20
20
20
20
20
20
20
20
20
20
20
20
20
20
20
20
20
20
20
20
20
20
20
20
20
20
20
20
20
20
20
20
20
20
20
20
20
20
0.016
0.016
0.016
0.016
0.016
0.016
0.016
0.016
0.016
0.016
0.016
0.016
0.016
0.016
0.016
0.016
0.016
0.016
0.016
0.016
0.016
0.016
0.016
0.016
0.016
0.016
0.016
0.016
0.016
0.01600000722
20
20
20
20
20
20
20
20
20
20
20
20
20
20
20
20
20
20
20
20
20
20
20
20
20
20
20
20
20
20
20
20
20
20
20
20
20
20
20
20
20
20
20
20
20
20
20
20
20
20
0.016
0.016
0.016
0.016
0.016
0.016
0.016
0.016
0.016
0.016
0.016
0.016
0.016
0.016
0.016
0.016
0.016
0.016
0.016
0.016
0.016
0.016
0.016
0.016
0.016
0.016
0.016
0.016
0.016
0.016
19.99999999
20
20
20
20
20
20
20
20
20
20
20
20
20
20
20
20
20
20
20
20
20
20
20
20
20
20
20
20
20
20
20
20
20
20
20
20
20
20
20
20
20
20
20
20
20
20
20
20
20
0.016
0.016
0.016
0.016
0.016
0.016
0.016
0.016
0.016
0.016
0.016
0.016
0.016
0.016
0.016
0.016
0.016
0.016
0.016
0.016
0.016
0.016
0.016
0.016
0.016
0.016
0.016
0.016
0.016
0.016
19.99999999
20
20
20
20
20
20
20
20
20
20
20
20
20
20
20
20
20
20
20
20
20
20
20
20
20
20
20
20
20
20
20
20
20
20
20
20
20
20
20
20
20
20
20
20
20
20
20
20
20
0.016
0.016
0.016
0.016
0.016
0.016
0.016
0.016
0.016
0.016
0.016
0.016
0.016
0.016
0.016
0.016
0.016
0.016
0.016
0.016
0.016
0.016
0.016
0.016
0.016
0.016
0.016
0.016
0.016
0.016
0.01600001948
20
20
20
20
20
20
20
20
20
20
20
20
20
20
20
20
20
19.99999999
0.01600000085
20
20
20
20
20
20
20
20
20
20
20
20
20
20
20
20
20
20
20
20
20
20
20
20
20
20
20
20
20
20
0.016
0.016
0.016
0.016
0.016
0.016
0.016
0.016
0.016
0.016
0.016
0.016
0.016
0.016
0.016
0.016
0.016
0.016
0.016
0.016
0.016
0.016
0.016
0.016
0.016
0.016
0.016
0.016
0.016
0.016
0.016
20
20
20
20
20
20
20
20
20
20
20
20
20
20
20
20
20
20
0.01600006002
20
20
20
20
20
20
20
20
20
20
20
20
20
20
20
20
20
20
20
20
20
20
20
20
20
20
20
20
20
20
0.016
0.016
0.016
0.016
0.016
0.016
0.016
0.016
0.016
0.016
0.016
0.016
0.016
0.016
0.016
0.016
0.016
0.016
0.016
0.016
0.016
0.016
0.016
0.016
0.016
0.016
0.016
0.016
0.016
0.016
0.016
0.01600001209
20
20
20
20
20
20
20
20
20
20
20
20
20
20
20
20
0.01600000815
0.016
19.99999999
20
20
20
20
20
20
20
20
20
20
20
20
20
20
20
20
20
20
20
20
20
20
20
20
20
20
20
20
20
0.016
0.016
0.016
0.016
0.016
0.016
0.016
0.016
0.016
0.016
0.016
0.016
0.016
0.016
0.016
0.016
0.016
0.016
0.016
0.016
0.016
0.016
0.016
0.016
0.016
0.016
0.016
0.016
0.016
0.016
0.016
0.01600000371
19.99999999
20
20
20
20
20
20
20
20
20
20
20
20
20
20
19.99999998
0.01600003183
0.01600001538
20
20
20
20
20
20
20
20
20
20
20
20
20
20
20
20
20
20
20
20
20
20
20
20
20
20
20
20
20
20
0.016
0.016
0.016
0.016
0.016
0.016
0.016
0.016
0.016
0.016
0.016
0.016
0.016
0.016
0.016
0.016
0.016
0.016
0.016
0.016
0.016
0.016
0.016
0.016
0.016
0.016
0.016
0.016
0.016
0.016
0.016
0.016
0.016
19.99999999
20
20
20
20
20
20
20
20
20
20
20
20
19.99999999
0.016
0.016
0.016
19.99999999
20
20
20
20
20
20
20
20
20
20
20
20
20
20
20
20
20
20
20
20
20
20
20
20
20
20
20
20
20
0.016
0.016
0.016
0.016
0.016
0.016
0.016
0.016
0.016
0.016
0.016
0.016
0.016
0.016
0.016
0.016
0.016
0.016
0.016
0.016
0.016
0.016
0.016
0.016
0.016
0.016
0.016
0.016
0.016
0.016
0.016
0.016
0.016
0.0160000037
0.01600001198
20
20
20
20
20
20
20
20
20
20
0.01600000685
0.01600000044
0.016
0.016
0.016
20
20
20
20
20
20
20
20
20
20
20
20
20
20
20
20
20
20
20
20
20
20
20
20
20
20
20
20
20
20
0.016
0.016
0.016
0.016
0.016
0.016
0.016
0.016
0.016
0.016
0.016
0.016
0.016
0.016
0.016
0.016
0.016
0.016
0.016
0.016
0.016
0.016
0.016
0.016
0.016
0.016
0.016
0.016
0.016
0.016
0.016
0.016
0.016
0.016
0.016
0.016
0.01600001913
19.99999999
19.99999999
20
20
19.99999999
19.99999999
0.01600001752
0.016
0.016
0.016
0.016
0.016
0.016
20
20
20
20
20
20
20
20
20
20
20
20
20
20
20
20
20
20
20
20
20
20
20
20
20
20
20
20
20
20
0.016
0.016
0.016
0.016
0.016
0.016
0.016
0.016
0.016
0.016
0.016
0.016
0.016
0.016
0.016
0.016
0.016
0.016
0.016
0.016
0.016
0.016
0.016
0.016
0.016
0.016
0.016
0.016
0.016
0.016
0.016
0.016
0.016
0.016
0.016
0.016
0.016
0.016
0.016
0.01600000679
0.01600000668
0.016
0.016
0.016
0.016
0.016
0.016
0.016
0.016
0.016
20
20
20
20
20
20
20
20
20
20
20
20
20
20
20
20
20
20
20
20
20
20
20
20
20
20
20
20
20
20
0.016
0.016
0.016
0.016
0.016
0.016
0.016
0.016
0.016
0.016
0.016
0.016
0.016
0.016
0.016
0.016
0.016
0.016
0.016
0.016
0.016
0.016
0.016
0.016
0.016
0.016
0.016
0.016
0.016
0.016
0.016
0.016
0.016
0.016
0.016
0.016
0.016
0.016
0.016
0.016
0.016
0.016
0.016
0.016
0.016
0.016
0.016
0.016
0.016
0.016
20
20
20
20
20
20
20
20
20
20
20
20
20
20
20
20
20
20
20
20
20
20
20
20
20
20
20
20
20
20
0.016
0.016
0.016
0.016
0.016
0.016
0.016
0.016
0.016
0.016
0.016
0.016
0.016
0.016
0.016
0.016
0.016
0.016
0.016
0.016
0.016
0.016
0.016
0.016
0.016
0.016
0.016
0.016
0.016
0.016
0.016
0.016
0.016
0.016
0.016
0.016
0.016
0.016
0.016
0.016
0.016
0.016
0.016
0.016
0.016
0.016
0.016
0.016
0.016
0.016
20
20
20
20
20
20
20
20
20
20
20
20
20
20
20
20
20
20
20
20
20
20
20
20
20
20
20
20
20
20
0.016
0.016
0.016
0.016
0.016
0.016
0.016
0.016
0.016
0.016
0.016
0.016
0.016
0.016
0.016
0.016
0.016
0.016
0.016
0.016
0.016
0.016
0.016
0.016
0.016
0.016
0.016
0.016
0.016
0.016
0.016
0.016
0.016
0.016
0.016
0.016
0.016
0.016
0.016
0.016
0.016
0.016
0.016
0.016
0.016
0.016
0.016
0.016
0.016
0.016
20
20
20
20
20
20
20
20
20
20
20
20
20
20
20
20
20
20
20
20
20
20
20
20
20
20
20
20
20
20
0.016
0.016
0.016
0.016
0.016
0.016
0.016
0.016
0.016
0.016
0.016
0.016
0.016
0.016
0.016
0.016
0.016
0.016
0.016
0.016
0.016
0.016
0.016
0.016
0.016
0.016
0.016
0.016
0.016
0.016
0.016
0.016
0.016
0.016
0.016
0.016
0.016
0.016
0.016
0.016
0.016
0.016
0.016
0.016
0.016
0.016
0.016
0.016
0.016
0.016
20
20
20
20
20
20
20
20
20
20
20
20
20
20
20
20
20
20
20
20
20
20
20
20
20
20
20
20
20
20
0.016
0.016
0.016
0.016
0.016
0.016
0.016
0.016
0.016
0.016
0.016
0.016
0.016
0.016
0.016
0.016
0.016
0.016
0.016
0.016
0.016
0.016
0.016
0.016
0.016
0.016
0.016
0.016
0.01600000435
0.01600000233
0.01600000232
0.01600000433
0.016
0.016
0.016
0.016
0.016
0.016
0.016
0.016
0.016
0.016
0.016
0.016
0.016
0.016
0.016
0.016
0.016
0.016
20
20
20
20
20
20
20
20
20
20
20
20
20
20
20
20
20
20
20
20
20
20
20
20
20
20
20
20
20
20
0.016
0.016
0.016
0.016
0.016
0.016
0.016
0.016
0.016
0.016
0.016
0.016
0.016
0.016
0.016
0.016
0.016
0.016
0.016
0.016
0.016
0.016
0.016
0.016
0.01600001868
0.01600003124
19.99999999
19.99999999
20
20
20
20
19.99999999
19.99999999
0.01600003109
0.0160000184
0.016
0.016
0.016
0.016
0.016
0.016
0.016
0.016
0.016
0.016
0.016
0.016
0.016
0.016
20
20
20
20
20
20
20
20
20
20
20
20
20
20
20
20
20
20
20
20
20
20
20
20
20
20
20
20
20
20
0.016
0.016
0.016
0.016
0.016
0.016
0.016
0.016
0.016
0.016
0.016
0.016
0.016
0.016
0.016
0.016
0.016
0.016
0.016
0.016
0.01600000246
0.01600001766
19.99999999
19.99999999
20
20
20
20
20
20
20
20
20
20
20
20
19.99999999
19.99999999
0.01600001748
0.01600000195
0.016
0.016
0.016
0.016
0.016
0.016
0.016
0.016
0.016
0.016
20
20
20
20
20
20
20
20
20
20
20
20
20
20
20
20
20
20
20
20
20
20
20
20
20
20
20
20
20
20
0.016
0.016
0.016
0.016
0.016
0.016
0.016
0.016
0.016
0.016
0.016
0.016
0.016
0.016
0.016
0.016
0.016
0.016
0.016
0.016
19.99999999
20
20
20
20
20
20
20
20
20
20
20
20
20
20
20
20
20
20
19.99999999
0.016
0.016
0.016
0.016
0.016
0.016
0.016
0.016
0.016
0.016
20
20
20
20
20
20
20
20
20
20
20
20
20
20
20
20
20
20
20
20
20
20
20
20
20
20
20
20
20
20
0.016
0.016
0.016
0.016
0.016
0.016
0.016
0.016
0.016
0.016
0.016
0.016
0.016
0.016
0.016
0.016
0.016
0.01600000276
0.01600002291
20
20
20
20
20
20
20
20
20
20
20
20
20
20
20
20
20
20
20
20
20
20
0.01600002226
0.01600000197
0.016
0.016
0.016
0.016
0.016
0.016
0.016
20
20
20
20
20
20
20
20
20
20
20
20
20
20
20
20
20
20
20
20
20
20
20
20
20
20
20
20
20
20
0.016
0.016
0.016
0.016
0.016
0.016
0.016
0.016
0.016
0.016
0.016
0.016
0.016
0.016
0.016
0.016
0.016
19.99999999
20
20
20
20
20
20
20
20
20
20
20
20
20
20
20
20
20
20
20
20
20
20
20
20
19.99999999
0.016
0.016
0.016
0.016
0.016
0.016
0.016
20
20
20
20
20
20
20
20
20
20
20
20
20
20
20
20
20
20
20
20
20
20
20
20
20
20
20
20
20
20
0.016
0.016
0.016
0.016
0.016
0.016
0.016
0.016
0.016
0.016
0.016
0.016
0.016
0.016
0.016
0.01600000283
20
20
20
20
20
20
20
20
20
20
20
20
20
20
20
20
20
20
20
20
20
20
20
20
20
20
20
20
0.016000001
0.016
0.016
0.016
0.016
0.016
20
20
20
20
20
20
20
20
20
20
20
20
20
20
20
20
20
20
20
20
20
20
20
20
20
20
20
20
20
20
0.016
0.016
0.016
0.016
0.016
0.016
0.016
0.016
0.016
0.016
0.016
0.016
0.016
0.016
0.016
20
20
20
20
20
20
20
20
20
20
20
20
20
20
20
20
20
20
20
20
20
20
20
20
20
20
20
20
20
20
0.016
0.016
0.016
0.016
0.016
20
20
20
20
20
20
20
20
20
20
20
20
20
20
20
20
20
20
20
20
20
20
20
20
20
20
20
20
20
20
0.016
0.016
0.016
0.016
0.016
0.016
0.016
0.016
0.016
0.016
0.016
0.016
0.016
0.01600000161
19.99999999
20
20
20
20
20
20
20
20
20
20
20
20
20
20
20
20
20
20
20
20
20
20
20
20
20
20
20
20
20
20
19.99999999
0.01600000136
0.016
0.016
0.016
20
20
20
20
20
20
20
20
20
20
20
20
20
20
20
20
20
20
20
20
20
20
20
20
20
20
20
20
20
20
0.016
0.016
0.016
0.016
0.016
0.016
0.016
0.016
0.016
0.016
0.016
0.016
0.016
0.01600002499
20
20
20
20
20
20
20
20
20
20
20
20
20
20
20
20
20
20
20
20
20
20
20
20
20
20
20
20
20
20
20
20
0.01600001615
0.016
0.016
0.016
20
20
20
20
20
20
20
20
20
20
20
20
20
20
20
20
20
20
20
20
20
20
20
20
20
20
20
20
20
20
0.016
0.016
0.016
0.016
0.016
0.016
0.016
0.016
0.016
0.016
0.016
0.016
0.016
20
20
20
20
20
20
20
20
20
20
20
20
20
20
20
20
20
20
20
20
20
20
20
20
20
20
20
20
20
20
20
20
20
19.99999999
0.016
0.016
0.016
19.99999999
20
20
20
20
20
20
20
20
20
20
20
20
20
20
20
20
20
20
20
20
20
20
20
20
20
20
20
20
20
0.016
0.016
0.016
0.016
0.016
0.016
0.016
0.016
0.016
0.016
0.016
0.01600000105
19.99999999
20
20
20
20
20
20
20
20
20
20
20
20
20
20
20
20
20
20
20
20
20
20
20
20
20
20
20
20
20
20
20
20
20
20
19.99999998
0.01600002989
0.01600001668
20
20
20
20
20
20
20
20
20
20
20
20
20
20
20
20
20
20
20
20
20
20
20
20
20
20
20
20
20
20
0.016
0.016
0.016
0.016
0.016
0.016
0.016
0.016
0.016
0.016
0.016
0.01600001972
20
20
20
20
20
20
20
20
20
20
20
20
20
20
20
20
20
20
20
20
20
20
20
20
20
20
20
20
20
20
20
20
20
20
20
20
0.01600001212
0.016
20
20
20
20
20
20
20
20
20
20
20
20
20
20
20
20
20
20
20
20
20
20
20
20
20
20
20
20
20
20
0.016
0.016
0.016
0.016
0.016
0.01600000001
0.01600000004
0.01600000002
0.016
0.016
0.016
19.99999999
20
20
20
20
20
20
20
20
20
20
20
20
20
20
20
20
20
20
20
20
20
20
20
20
20
20
20
20
20
20
20
20
20
20
20
20
20
0.01600000881
20
20
20
20
20
20
20
20
20
20
20
20
20
20
20
20
20
20
20
20
20
20
20
20
20
20
20
20
20
20
0.016
0.016
0.01600000004
0.016000001
0.01600000018
0.01600000275
0.01600000752
0.01600000278
0.01600000077
0.016
0.016
19.99999999
20
20
20
20
20
20
20
20
20
20
20
20
20
20
20
20
20
20
20
20
20
20
20
20
20
20
20
20
20
20
20
20
20
20
20
20
19.99999999
0.01600000236
20
20
20
20
20
20
20
20
20
20
20
20
20
20
20
20
20
20
20
20
20
20
20
20
20
20
20
20
20
20
0.016
0.016
0.01600000001
0.01600003323
0.01600062735
0.01600319407
0.01600089922
0.01600030065
0.01600014629
0.01600000514
0.01600001886
20
20
20
20
20
20
20
20
20
20
20
20
20
20
20
20
20
20
20
20
20
20
20
20
20
20
20
20
20
20
20
20
20
20
20
20
20
20
0.01600005699
20
20
20
20
20
20
20
20
20
20
20
20
20
20
20
20
20
20
20
20
20
20
20
20
20
20
20
20
20
20
0.016
0.016
0.01600000001
0.01600000069
0.01600449
0.01623039266
0.01773139846
0.01612766238
0.01602649344
0.01602947954
0.01600003391
20
20
20
20
20
20
20
20
20
20
20
20
20
20
20
20
20
20
20
20
20
20
20
20
20
20
20
20
20
20
20
20
20
20
20
20
20
20
0.016
19.99999999
20
20
20
20
20
20
20
20
20
20
20
20
20
20
20
20
20
20
20
20
20
20
20
20
20
20
20
20
20
0.016
0.016
0.016
0.01600000044
0.01600004582
0.01630607788
0.03061483837
0.1095337364
0.01929055194
0.01688185594
19.99999999
20
20
20
20
20
20
20
20
20
20
20
20
20
20
20
20
20
20
20
20
20
20
20
20
20
20
20
20
20
20
20
20
20
20
20
20
20
20
19.99999999
20
20
20
20
20
20
20
20
20
20
20
20
20
20
20
20
20
20
20
20
20
20
20
20
20
20
20
20
20
20
0.016
0.016
0.016
0.01600000006
0.01600000482
0.01600045916
0.02465982982
0.1822001454
1.781110571
0.01600000956
19.99999999
20
20
20
20
20
20
20
20
20
20
20
20
20
20
20
20
20
20
20
20
20
20
20
20
20
20
20
20
20
20
20
20
20
20
20
20
20
20
20
20
20
20
20
20
20
20
20
20
20
20
20
20
20
20
20
20
20
20
20
20
20
20
20
20
20
20
20
20
20
0.016
0.016
0.01600000001
0.01600000016
0.01600000203
0.01600022585
0.01601260824
0.04254059598
3.365330826
17.29607421
23.91706692
20
20
20
20
20
20
20
20
20
20
20
20
20
20
20
20
20
20
20
20
20
20
20
20
20
20
20
20
20
20
20
20
20
20
20
20
20
20
20
20
20
20
20
20
20
20
20
20
20
20
20
20
20
20
20
20
20
20
20
20
20
20
20
20
20
20
20
20
20
0.016
0.016
0.016
0.01600000005
0.01600004229
0.01600090634
0.01600139144
0.01610915276
2.201811459
23.89835921
30
20
20
20
20
20
20
20
20
20
20
20
20
20
20
20
20
20
20
20
20
20
20
20
20
20
20
20
20
20
20
20
20
20
20
20
20
20
20
20
20
20
20
20
20
20
20
20
20
20
20
20
20
20
20
20
20
20
20
20
20
20
20
20
20
20
20
20
20
20
0.016
0.016
0.016
0.01600000016
0.01600010595
0.01600276409
0.01600054527
0.0160015892
1.81016308
24.11465686
30
22.64431302
20
20
20
20
20
20
20
20
20
20
20
20
20
20
20
20
20
20
20
20
20
20
20
20
20
20
20
20
20
20
20
20
20
20
20
20
20
20
20
20
20
20
20
20
20
20
20
20
20
20
20
20
20
20
20
20
20
20
20
20
20
20
20
20
20
20
20
20
0.016
0.016
0.016
0.01600000005
0.01600000001
0.0160002475
0.01600053986
0.0160005451
2.684074063
26.25031101
30
29.3628022
20
20
20
20
20
20
20
20
20
20
20
20
20
20
20
20
20
20
20
20
20
20
20
20
20
20
20
20
20
20
20
20
20
20
20
20
20
20
20
20
20
20
20
20
20
20
20
20
20
20
20
20
20
20
20
20
20
20
20
20
20
20
20
20
20
20
20
20
0.016
0.016
0.016
0.01600000003
0.01600000001
0.01600000001
0.01600179682
0.01600123689
0.583462331
20.73937675
29.99999985
30
24.03167443
20
20
20
20
20
20
20
20
20
20
20
20
20
20
20
20
20
20
20
20
20
20
20
20
20
20
20
20
20
20
20
20
20
20
20
20
20
20
20
20
20
20
20
20
20
20
20
20
20
20
20
20
20
20
20
20
20
20
20
20
20
20
20
20
20
20
20
0.016
0.016
0.016
0.01600000001
0.01600000001
0.01600000472
0.01600000279
0.01600110139
0.8058104201
16.64588771
29.99998462
29.99999995
29.99999999
20.17742947
20
20
20
20
20
20
20
20
20
20
20
20
20
20
20
20
20
20
20
20
20
20
20
20
20
20
20
20
20
20
20
20
20
20
20
19.99999999
20
20
20
20
20
20
20
20
20
20
20
20
20
20
20
20
20
20
20
20
20
20
20
20
20
20
20
20
20
20
0.016
0.016
0.016
0.016
0.01600000002
0.01600000002
0.01600000006
0.01600035928
0.01611819686
6.704141117
29.58959992
29.99999987
29.99999996
28.15534462
20
20
20
20
20
20
20
20
20
20
20
20
20
20
20
20
20
20
20
20
20
20
20
20
20
20
20
20
20
20
20
20
20
20
20
0.016
19.99999999
20
20
20
20
20
20
20
20
20
20
20
20
20
20
20
20
20
20
20
20
20
20
20
20
20
20
20
20
20
0.016
0.016
0.016
0.016
0.016
0.016
0.01600000035
0.01600038121
0.01607844757
1.139632184
18.15141241
29.99999862
29.99999998
29.99999998
24.45456126
20
20
20
20
20
20
20
20
20
20
20
20
20
20
20
20
20
20
20
20
20
20
20
20
20
20
20
20
20
20
20
20
20
20
0.01600005696
20
20
20
20
20
20
20
20
20
20
20
20
20
20
20
20
20
20
20
20
20
20
20
20
20
20
20
20
20
20
0.016
0.016
0.016
0.016
0.016
0.016
0.01600000007
0.0160000475
0.0160135153
0.01676319734
5.864438827
27.59356658
29.9999991
29.99999998
29.99999997
21.32269459
20
20
20
20
20
20
20
20
20
20
20
20
20
20
20
20
20
20
20
20
20
20
20
20
20
20
20
20
20
20
20
20
19.99999999
0.01600000232
20
20
20
20
20
20
20
20
20
20
20
20
20
20
20
20
20
20
20
20
20
20
20
20
20
20
20
20
20
20
0.016
0.016
0.016
0.016
0.016
0.016
0.01600000943
0.01600000715
0.01600097695
0.01605599747
0.1274752266
13.73994977
29.99972421
29.99999949
30
30
20
20
20
20
20
20
20
20
20
20
20
20
20
20
20
20
20
20
20
20
20
20
20
20
20
20
20
20
20
20
20
20
20
0.01600000886
20
20
20
20
20
20
20
20
20
20
20
20
20
20
20
20
20
20
20
20
20
20
20
20
20
20
20
20
20
20
0.016
0.016
0.016
0.016
0.01600000001
0.016
0.01600011865
0.01600032031
0.01600034392
0.01600313101
0.01629242294
1.846851968
21.57865383
30
30
30.00000003
28.20048499
20
20
20
20
20
20
20
20
20
20
20
20
20
20
20
20
20
20
20
20
20
20
20
20
20
20
20
20
20
20
20
0.01600001182
0.016
20
20
20
20
20
20
20
20
20
20
20
20
20
20
20
20
20
20
20
20
20
20
20
20
20
20
20
20
20
20
0.016
0.016
0.016
0.016
0.01600000019
0.016
0.0160000615
0.01600031813
0.01601138348
0.01759362718
0.01759001689
0.01815705655
5.090293882
27.70753273
30
30
30.00000001
26.1557612
20
20
20
20
20
20
20
20
20
20
20
20
20
20
20
20
20
20
20
20
20
20
20
20
20
20
20
20
20
19.99999998
0.01600002987
0.01600001654
20
20
20
20
20
20
20
20
20
20
20
20
20
20
20
20
20
20
20
20
20
20
20
20
20
20
20
20
20
20
0.016
0.016
0.016
0.016
0.01600000001
0.01600000187
0.01600002257
0.01600013166
0.01600007125
0.01949099924
0.02155265181
0.02127954283
0.02277221874
10.75274812
29.99981251
29.99999999
30
30.00000001
24.63503537
20
20
20
20
20
20
20
20
20
20
20
20
20
20
20
20
20
20
20
20
20
20
20
20
20
20
20
19.99999999
0.016
0.016
0.016
19.99999999
20
20
20
20
20
20
20
20
20
20
20
20
20
20
20
20
20
20
20
20
20
20
20
20
20
20
20
20
20
0.016
0.016
0.016
0.01600000002
0.01600000001
0.01600006852
0.016000104
0.01600008899
0.01600007123
0.0201246901
0.02267021116
0.02266444053
0.02266444053
0.3112603141
17.10040535
29.99990276
29.99999999
29.99999995
29.99999996
23.47395964
20
20
20
20
20
20
20
20
20
20
20
20
20
20
20
20
20
20
20
20
20
20
20
20
20
20
0.01600001537
0.016
0.016
0.016
20
20
20
20
20
20
20
20
20
20
20
20
20
20
20
20
20
20
20
20
20
20
20
20
20
20
20
20
20
20
0.016
0.016
0.01600000002
0.01600000005
0.01600000001
0.01600014753
0.01600023171
0.01600011269
0.01600007104
0.01770803374
0.02004123252
0.02220604861
0.02669144321
0.0267265377
1.138276071
22.73128566
29.99998595
29.99999994
29.99999996
29.99999991
22.49408816
20
20
20
20
20
20
20
20
20
20
20
20
20
20
20
20
20
20
20
20
20
20
20
20
19.99999999
0.01600000131
0.016
0.016
0.016
20
20
20
20
20
20
20
20
20
20
20
20
20
20
20
20
20
20
20
20
20
20
20
20
20
20
20
20
20
20
0.016
0.016
0.01600000001
0.01600000004
0.01600000001
0.01600012043
0.01600023171
0.01600011973
0.01600007086
0.01614873788
0.01600007325
0.02088162104
0.03710231677
0.03309296087
0.01929137119
1.758741958
26.62843711
29.9999782
29.99999993
29.99999992
29.99999992
21.46390597
20
20
20
20
20
20
20
20
20
20
20
20
20
20
20
20
20
20
20
20
20
20
20
0.016
0.016
0.016
0.016
0.016
20
20
20
20
20
20
20
20
20
20
20
20
20
20
20
20
20
20
20
20
20
20
20
20
20
20
20
20
20
20
0.016
0.016
0.016
0.01600000002
0.01600000001
0.01600002317
0.01600015174
0.01600010439
0.01600007074
0.01600006121
0.01600005997
0.02782217651
0.03715158729
0.03713203097
0.01984817084
0.01737006974
1.711376429
25.22822736
29.999984
29.99999987
29.99999993
29.99999995
20.42432815
20
20
20
20
20
20
20
20
20
20
20
20
20
20
20
20
20
20
20
20
20
0.01600000038
0.016
0.016
0.016
0.016
0.016
20
20
20
20
20
20
20
20
20
20
20
20
20
20
20
20
20
20
20
20
20
20
20
20
20
20
20
20
20
20
0.016
0.016
0.016
0.016
0.01600000001
0.01600000018
0.01600002547
0.01600006132
0.01600005942
0.01600005945
0.01600005983
0.01897120557
0.03689062341
0.03297281084
0.01779128508
0.01736474794
0.01751010828
1.56737851
22.2850561
29.99999992
29.99999992
29.99999995
29.99999999
20
20
20
20
20
20
20
20
20
20
20
20
20
20
20
20
20
20
20
19.99999999
0.016
0.016
0.016
0.016
0.016
0.016
0.016
20
20
20
20
20
20
20
20
20
20
20
20
20
20
20
20
20
20
20
20
20
20
20
20
20
20
20
20
20
20
0.016
0.016
0.016
0.016
0.01600000001
0.01600000001
0.01600001897
0.01600002331
0.01600003051
0.01600006822
0.01600005997
0.01703785847
0.01645001933
0.01622668807
0.01622670474
0.04416570671
0.05570154809
0.03197482993
1.902413142
22.10175009
29.99999992
29.99999387
29.99999955
29.25249506
20
20
20
20
20
20
20
20
20
20
20
20
20
20
20
20
19.99999999
0.01600001704
0.01600000093
0.016
0.016
0.016
0.016
0.016
0.016
0.016
20
20
20
20
20
20
20
20
20
20
20
20
20
20
20
20
20
20
20
20
20
20
20
20
20
20
20
20
20
20
0.016
0.016
0.016
0.016
0.01600000001
0.01600000001
0.01600001608
0.01600001595
0.01600087108
0.01600173494
0.01600183493
0.0160018345
0.0160023979
0.01639305698
0.01661779865
0.05905381943
0.05905355835
0.03197506978
0.03197482993
1.94360579
21.82186551
29.99992576
29.99986718
30
27.44227858
20
20
20
20
20
20
20
20
20
20
20
20
20
20
19.99999998
0.016
0.016
0.016
0.016
0.016
0.016
0.016
0.016
0.016
0.016
20
20
20
20
20
20
20
20
20
20
20
20
20
20
20
20
20
20
20
20
20
20
20
20
20
20
20
20
20
20
0.016
0.016
0.016
0.016
0.01600000002
0.01600000001
0.01600000792
0.01600013925
0.01600126997
0.01600122414
0.01600122727
0.01747677037
0.02807581827
0.04044596336
0.03960644589
0.02336926052
0.02960865501
0.03822538857
0.215913511
0.01731582881
1.373618048
16.53478192
27.59457247
29.62421296
29.98713415
25.36074105
20
20
20
20
20
20
20
20
20
20
19.99999999
20
0.01600001867
0.01600002941
0.016
0.016
0.016
0.016
0.016
0.016
0.016
0.016
0.016
0.016
20
20
20
20
20
20
20
20
20
20
20
20
20
20
20
20
20
20
20
20
20
20
20
20
20
20
20
20
20
20
0.016
0.01600001626
0.01600006595
0.0160000274
0.01600000025
0.01600000001
0.01600000001
0.01600000008
0.01600000222
0.01600014675
0.01713849045
0.08428721784
0.1778616698
0.1513448083
0.03393721416
0.01639732723
0.02130226414
0.02587068087
0.01730073417
0.01728239108
0.01791871002
0.5788443841
12.86063794
19.07112919
24.89990522
20.35089724
24.93929055
19.99999999
20
20
20
20
19.99999999
19.99999999
0.01600001879
0.01600002642
0.016
0.01600001811
0.016
0.01600002463
0.016
0.016
0.016
0.016
0.016
0.016
0.016
0.016
0.016
0.016
20
20
20
20
20
20
20
20
20
20
20
20
20
20
20
20
20
20
20
20
20
20
20
20
20
20
20
20
20
20
0.016
0.01600004889
0.01600013126
0.01600000566
0.01600000026
0.01600000001
0.01600000008
0.01600000222
0.01655800639
0.1230600911
0.3536670189
0.3538965543
0.2647404721
0.0160512393
0.0160509386
0.01639665321
0.01676723825
0.01649864766
0.01666013169
0.01719613015
0.0841849403
0.8359417623
6.160895684
17.48873105
21.14945475
19.02036906
21.06055776
0.04444532132
0.01600269933
0.01600455051
0.01600707351
0.01600514399
0.01600573416
17.72370647
4.449622459
0.0160000112
0.0160000112
20
20
20
20
19.99999999
19.99999999
0.01600001485
0.016
0.016
0.016
0.016
0.016
0.016
20
20
20
20
20
20
20
20
20
20
20
20
20
20
20
20
20
20
20
20
20
20
20
20
20
20
20
20
20
20
0.016
0.01600007824
0.01600012997
0.01600000449
0.01600000039
0.01600000974
0.02573186868
0.2434429224
0.3283920179
0.3286972844
0.3287401574
0.07692464241
0.0160374672
0.01610863338
0.01703627964
0.01741017039
0.0173366527
0.01636272123
0.01683769648
0.02118929737
0.02377619445
0.1105354428
9.100802202
20.64303163
21.03865229
21.05077449
21.06698206
20.4951601
15.24883588
20.77464714
21.69408424
26.13900658
24.27873896
20.35357367
26.37712208
22.57429599
20
20
20
20
20
20
20
20
20
0.01600000603
0.016
0.016
0.016
0.016
20
20
20
20
20
20
20
20
20
20
20
20
20
20
20
20
20
20
20
20
20
20
20
20
20
20
20
20
20
20
0.03012949591
0.01600007802
0.01600007883
0.01600006971
0.01600358762
0.01830207551
0.1934006492
0.2893712219
0.2424494066
0.01662526341
0.0286888782
0.01626237116
0.01650057829
0.01738911983
0.01739032804
0.01731894767
0.01616968422
0.01600019219
0.01602068455
0.01630893667
0.01741333528
0.05588697465
1.400174462
8.837283495
14.64911188
14.99211017
12.16184699
5.686280108
2.874982111
0.4079269984
13.8767402
29.98900235
29.99950683
28.96205961
29.50659907
29.81727893
20
20
20
20
20
20
20
20
20
20
19.99999999
0.016
0.016
0.016
19.99999999
20
20
20
20
20
20
20
20
20
20
20
20
20
20
20
20
20
20
20
20
20
20
20
20
20
20
20
20
20
0.03302377111
0.01659378564
0.016000121
0.01600042337
0.01601713376
0.04366581357
0.1949343125
0.1940751786
0.01601046796
0.0160003632
0.01600039079
0.01600031837
0.01612480553
0.01639809389
0.01638150186
0.01601022058
0.016000185
0.01600018438
0.01600019219
0.01600041551
0.01601098287
0.01798816047
0.05115445903
2.417224546
5.12619387
6.764355754
1.250863824
0.01950453497
0.0186243122
0.1096120016
8.754731122
29.99950683
29.99959363
29.99950683
29.9946764
29.99885506
25.03953662
20
20
20
20
20
20
20
20
20
20
19.99999998
0.01600003188
0.01600001542
20
20
20
20
20
20
20
20
20
20
20
20
20
20
20
20
20
20
20
20
20
20
20
20
20
20
20
20
20
20
0.03293428351
0.01600126193
0.01600043965
0.01600126193
0.01654112924
0.05272898407
0.07150082713
0.01799854445
0.01600036352
0.01600023717
0.01600017217
0.01600016343
0.01600016028
0.01600016028
0.01600016017
0.01600016028
0.01600022057
0.01600042184
0.01600041744
0.01600034468
0.01600051555
0.01608359854
0.05185724166
0.5692916419
0.2811034516
0.2591881552
0.02179205581
0.01644216015
0.01729378688
0.02102389031
5.202738958
29.36812072
29.99968005
29.99753774
29.98985949
29.98890682
29.99999868
20.13497656
20
20
20
20
20
20
20
20
20
20
0.01600000793
0.016
19.99999999
20
20
20
20
20
20
20
20
20
20
20
20
20
20
20
20
20
20
20
20
20
20
20
20
20
20
20
20
20
0.02410740257
0.01600240089
0.01600126193
0.01600475302
0.0225203921
0.03259184165
0.01601576607
0.01600042255
0.01600029567
0.01600029506
0.01600029442
0.01600034492
0.01600024374
0.01600016028
0.01600016028
0.01600016141
0.01600041337
0.01600055637
0.01600053043
0.01600033672
0.01600037595
0.01600540896
0.02344292417
0.0415864544
0.01616985316
0.01624456198
0.01628649871
0.01620304711
0.01713986531
0.01644850079
2.37555927
27.93487395
29.99976646
29.98807983
29.97933066
29.99980006
30.00000039
26.32368983
20
20
20
20
20
20
20
20
20
20
20
0.01600005924
20
20
20
20
20
20
20
20
20
20
20
20
20
20
20
20
20
20
20
20
20
20
20
20
20
20
20
20
20
20
0.01924919337
0.01600297495
0.01600320465
0.01757650238
0.02205645586
0.0164719081
0.01600097535
0.01600029676
0.01600029507
0.01600029517
0.01600029517
0.01600029593
0.01600205486
0.0160050563
0.0160043659
0.01600026675
0.0160000101
0.01600001694
0.01600001692
0.01600001678
0.01600004983
0.01607560353
0.01683084367
0.0162562659
0.01617024129
0.01603234437
0.01600930785
0.01610531947
0.01750190721
0.01644421243
0.4970836856
25.47341047
29.99988267
29.9958521
29.9878126
30
30.00000119
30.00000055
20
20
20
20
20
20
20
20
20
20
19.99999999
0.01600000062
20
20
20
20
20
20
20
20
20
20
20
20
20
20
20
20
20
20
20
20
20
20
20
20
20
20
20
20
20
20
0.02010121115
0.01600378829
0.01640057699
0.01761677166
0.01742775843
0.0160081165
0.01600488437
0.01600097535
0.01889286265
0.01927530645
0.01645925901
0.0160003238
0.01600348802
0.01600934473
0.01600934834
0.01600612094
0.01600001009
0.01600001243
0.01600002291
0.01600001593
0.01600019612
0.01600553598
0.01600187609
0.01600566324
0.01601773343
0.01600542283
0.01600292081
0.01600903045
0.01750986777
0.01644366759
0.01603895218
19.41559868
29.99999944
30
29.99994642
29.99990571
30.00000137
30.00000059
21.84450148
20
20
20
20
20
20
20
20
20
20
20
20
20
20
20
20
20
20
20
20
20
20
20
20
20
20
20
20
20
20
20
20
20
20
20
20
20
20
20
20
20
0.02015474602
0.01601593486
0.01629792026
0.0166368119
0.01603615494
0.01603804209
0.01647176041
0.03627442317
0.04307736473
0.04066000044
0.01627770274
0.01600035603
0.01600037908
0.01600613885
0.01600933012
0.01600877189
0.0160000101
0.01600001055
0.01600000573
0.01600000904
0.01600003126
0.01600004698
0.01600004042
0.01600006361
0.01600004864
0.01600000458
0.01600001828
0.01608028938
0.01663266261
0.01611690287
0.01602347072
13.95596687
29.97988
30.00000031
30
29.99999216
30.00000015
29.99999962
25.82881494
20
20
20
20
20
20
20
20
20
20
20
20
20
20
20
20
20
20
20
20
20
20
20
20
20
20
20
20
20
20
20
20
20
20
20
20
20
20
20
20
20
0.01726629515
0.01601970369
0.0160200812
0.01600991563
0.01602357252
0.01655271217
0.03364838837
0.04313278006
0.04311113297
0.03640295061
0.01600041817
0.01600035544
0.01600212314
0.0160003764
0.01600075722
0.01600227993
0.01600073105
0.01600009231
0.01600000629
0.01600000461
0.01600000209
0.01600000192
0.01600001138
0.01600001727
0.01600001125
0.01600000432
0.01600003197
0.01619615185
0.01600330769
0.01600561921
0.01600781572
10.42899432
29.77961143
30
30
29.99999959
29.99999906
29.99999871
29.77651551
20
20
20
20
20
20
20
20
20
20
20
20
20
20
20
20
20
20
20
20
20
20
20
20
20
20
20
20
20
20
20
20
20
20
20
20
20
20
20
20
20
0.01601142015
0.01603853252
0.01600935898
0.01600941084
0.0160113157
0.01672724213
0.03814579711
0.04313261567
0.03715239622
0.01695329125
0.01600150333
0.01602611938
0.01600864008
0.01600037243
0.0160000061
0.01600000612
0.01600017702
0.01600014501
0.01600001472
0.01600000314
0.01600000362
0.01600000241
0.01600000185
0.01600000803
0.01600001109
0.01600000427
0.01600000432
0.01601545345
0.01600289464
0.01600308718
0.01792305798
10.5525663
29.85183709
30
29.99978772
29.99999941
29.99999747
29.99998759
30.00000009
20
20
20
20
20
20
20
20
20
20
20
20
20
20
20
20
20
20
20
20
20
20
20
20
20
20
20
20
20
20
20
20
20
20
20
20
20
20
20
20
20
0.01600981878
0.01600936413
0.01600935029
0.01600935616
0.01600982892
0.01652507911
0.02273251829
0.02646807717
0.01767965459
0.01664799037
0.01646560235
0.01607506119
0.01600637375
0.0160002482
0.01600002936
0.01600001659
0.01600000033
0.01600000025
0.01600000025
0.01600000024
0.01600000084
0.01600000166
0.01600000162
0.01600000221
0.01600000558
0.01600000429
0.01600012914
0.01600000722
0.01600000722
0.0160266349
0.01691593919
8.229711413
29.28335021
29.99999915
29.99756865
29.99999933
29.99985288
29.99971458
29.99999992
20.32156898
20
20
20
20
20
20
20
20
20
20
20
20
20
20
20
20
20
20
20
20
20
20
20
20
20
20
20
20
20
20
20
20
20
20
20
20
20
20
20
20
0.01601012316
0.01600935324
0.01600935324
0.01600935029
0.01602020567
0.01622571377
0.01604591574
0.01619602512
0.01621123001
0.0162586196
0.01614244371
0.01603777322
0.01600004545
0.01600003766
0.01600003748
0.01600003506
0.01600002131
0.01600000702
0.01600000096
0.0160000001
0.01600000007
0.0160000001
0.01600000025
0.01600000045
0.01600000136
0.01600000162
0.01600000888
0.01600000731
0.01600000722
0.01614873523
0.02595800433
11.28851866
29.99998304
29.99998445
29.99744405
29.99981265
29.99891848
29.99999375
30.00000056
21.64586511
20
20
20
20
20
20
20
20
20
20
20
20
20
20
20
20
20
20
20
20
20
20
20
20
20
20
20
20
20
20
20
20
20
20
20
20
20
20
20
20
0.7130996511
0.8541911899
0.1549550466
0.01600940708
0.01601007882
0.01600669429
0.01603545357
0.01631667872
0.01658122408
0.01619610466
0.0160000982
0.01600007531
0.01600007429
0.01600004181
0.01600001988
0.01600001512
0.01600001401
0.01600000873
0.01600000206
0.01600000016
0.01600000007
0.01600000007
0.01600000009
0.01600000015
0.0160000002
0.01600000017
0.01600000017
0.01600090354
0.01600002104
0.01600002401
0.02256279873
10.74327478
29.12800445
29.99998322
29.99897127
29.81817315
29.97409891
29.8546251
30.00000032
22.7696034
20
20
20
20
20
20
20
20
19.99999999
0.01600000051
20
20
20
20
20
20
20
20
20
20
20
20
20
20
20
20
20
20
20
20
20
20
20
20
20
20
20
20
20
20
1.031256839
1.031290012
1.027413743
0.4232741553
0.01600453128
0.01600445949
0.01601139783
0.01938200097
0.0193843525
0.01649991388
0.01600002528
0.01600015242
0.01600023089
0.01600014429
0.01600003243
0.01600000691
0.01600000305
0.01600000108
0.01600000016
0.01600000009
0.0160000001
0.01600000009
0.0160000001
0.01600000015
0.01600000015
0.01600000015
0.01600086172
0.01600240646
0.01600012203
0.016000126
0.01693717441
9.825579356
29.99997481
29.99998198
29.99913743
29.01405718
28.87131929
22.88072048
30.00000084
23.54497903
20
20
20
20
20
20
20
20
20
0.01600005912
20
20
20
20
20
20
20
20
20
20
20
20
20
20
20
20
20
20
20
20
20
20
20
20
20
20
20
20
20
20
1.031291053
1.031256839
1.031280472
0.9196967369
0.01600445949
0.01600433847
0.01601320518
0.01601160869
0.01600029531
0.01600000187
0.0160000226
0.0160001715
0.01600023002
0.01600016414
0.01600004214
0.01600000948
0.01600000541
0.0160000025
0.01600000058
0.01600000009
0.01600000138
0.01600000388
0.01600000351
0.01600000212
0.01600000038
0.01600000019
0.01600279102
0.01600041829
0.01600022065
0.0160642585
0.01605999291
5.53336463
27.94104233
29.99997481
29.99995495
29.13637023
28.04962882
18.05638251
30.0000006
23.94278203
20
20
20
20
20
20
20
20
0.01600000814
0.016
19.99999999
20
20
20
20
20
20
20
20
20
20
20
20
20
20
20
20
20
20
20
20
20
20
20
20
20
20
20
20
20
0.2975831765
0.8156150698
0.7854135188
0.2782309644
0.04752541173
0.01600317676
0.01600005806
0.01600000239
0.01600000187
0.01600000172
0.0160000004
0.01600000025
0.01600000024
0.01600000024
0.0160000007
0.01600000263
0.01600000329
0.01600000244
0.01600000094
0.01600000058
0.01600000397
0.01600004114
0.01600005643
0.01600005323
0.01600002005
0.01600001037
0.01600000315
0.01612894518
0.01613503047
0.01600858751
0.01601185478
9.898140232
29.38423618
29.99872283
29.99994227
28.66477502
28.44386267
17.93055302
30.00000019
24.10305875
20
20
20
20
20
20
20
19.99999998
0.01600003227
0.01600001547
20
20
20
20
20
20
20
20
20
20
20
20
20
20
20
20
20
20
20
20
20
20
20
20
20
20
20
20
20
20
0.01599999995
0.04199904718
0.03839639203
0.01945168524
0.01600010638
0.01600000832
0.01600000026
0.01600000001
0.01600001102
0.01600000922
0.01600000364
0.01600000141
0.01600000081
0.01600000035
0.01600000005
0.01600000001
0.01600000002
0.01600000002
0.01600001701
0.01600001102
0.01600000342
0.0160000032
0.01600000314
0.01600000307
0.01600000305
0.01600000307
0.01600000305
0.01600346111
0.01602116483
0.01600868596
0.349139788
21.3364437
29.9970447
29.99767114
29.99988886
29.30685273
29.23204575
17.94642965
29.99999998
24.07443017
20
20
20
20
20
20
19.99999999
0.016
0.016
0.016
19.99999999
20
20
20
20
20
20
20
20
20
20
20
20
20
20
20
20
20
20
20
20
20
20
20
20
20
20
20
20
20
0.016
0.01600199122
0.01603652073
0.01600002059
0.01600000111
0.01600000006
0.016
0.016
0.016
0.016
0.016
0.016
0.016
0.016
0.016
0.016
0.01600000001
0.01600000053
0.01600008736
0.01600000343
0.01600000343
0.01628696572
0.01618173124
0.0160000032
0.01600000307
0.01655597649
0.01630044303
0.01600386025
0.01600469065
0.467059109
19.06747466
29.77065358
29.99840195
29.95480854
29.98599167
29.98546029
28.22089625
16.9839399
29.99999862
23.89154345
20
20
20
20
20
0.01600000747
0.016
0.016
0.016
0.016
20
20
20
20
20
20
20
20
20
20
20
20
20
20
20
20
20
20
20
20
20
20
20
20
20
20
20
20
20
20
0.016
0.0160000031
0.01600048872
0.01600001206
0.016
0.016
0.016
0.016
0.016
0.016
0.016
0.016
0.016
0.016
0.016
0.01600000001
0.01600000126
0.01600000059
0.0160000004
0.0160000004
0.01828511334
0.01725329839
0.01618247956
0.01659831208
0.01892953037
0.01813168279
0.0162937447
0.01600732257
4.54436137
21.40746228
29.98866953
29.99998044
29.99999779
29.92725026
29.91294116
29.8839846
27.91429807
15.95148686
25.95518045
23.60284839
20
19.99999999
19.99999999
0.01600001751
0.016
0.016
0.016
0.016
0.016
0.016
20
20
20
20
20
20
20
20
20
20
20
20
20
20
20
20
20
20
20
20
20
20
20
20
20
20
20
20
20
20
0.016
0.016
0.016
0.016
0.016
0.016
0.016
0.016
0.016
0.016
0.016
0.016
0.016
0.01600000002
0.0160000001
0.01600000029
0.01600001557
0.01600000059
0.01612927918
0.01857087899
0.01882838963
0.0175114694
0.01807982019
0.02029464388
0.02028392683
0.01807036156
0.0163876234
3.585689218
22.88079424
29.99874861
29.99998554
29.99999977
29.99999867
29.95689313
29.98206591
27.18766096
7.298050496
7.358814937
4.940555316
0.0160011759
0.01600000205
0.016
0.016
0.016
0.016
0.016
0.016
0.016
0.016
0.016
20
20
20
20
20
20
20
20
20
20
20
20
20
20
20
20
20
20
20
20
20
20
20
20
20
20
20
20
20
20
0.016
0.016
0.016
0.016
0.016
0.016
0.016
0.016
0.016
0.016
0.016
0.016
0.01600000001
0.01600000036
0.0160000021
0.01600000849
0.01600001625
0.01607989515
0.0185328718
0.01887104991
0.01879034148
0.0186101649
0.01753471501
0.01796579435
0.0180403966
0.01839714797
0.3073247944
17.42946702
29.99999907
30.00000002
30
29.99999997
29.99997249
29.99999226
29.99999207
29.96295076
27.6292755
24.50114184
0.01600019625
0.01600003113
0.016
0.016
0.016
0.016
0.016
0.016
0.016
0.016
0.016
0.016
20
20
20
20
20
20
20
20
20
20
20
20
20
20
20
20
20
20
20
20
20
20
20
20
20
20
20
20
20
20
0.016
0.016
0.016
0.016
0.016
0.016
0.016
0.016
0.016
0.016
0.016
0.016
0.01600000011
0.01600001488
0.01601113696
0.016491416
0.01656430403
0.01768393427
0.01855339049
0.01751647354
0.01742149675
0.01744843777
0.01748127331
0.01751131435
0.01799236944
0.1380538657
15.96944227
29.50552571
30
30
30.00000008
30.00000043
30.00000163
29.99999228
29.9999785
30
25.5680882
20
20
19.99999998
0.016
0.016
0.016
0.016
0.016
0.016
0.016
0.016
0.016
0.016
20
20
20
20
20
20
20
20
20
20
20
20
20
20
20
20
20
20
20
20
20
20
20
20
20
20
20
20
20
20
0.016
0.016
0.016
0.016
0.016
0.016
0.016
0.016
0.016
0.016
0.016
0.016
0.01600000745
0.01608820362
0.0178018865
0.01783775446
0.01731494954
0.01732482589
0.01738439507
0.0174086799
0.01741667324
0.01742149675
0.01747847971
0.01799237526
1.588322982
15.41238233
29.15478439
29.999945
29.99999924
30
30.00000002
30.00000197
30.00000339
30.00000413
30.00000152
26.94921812
20
20
20
20
19.99999999
0.01600002124
0.01600000077
0.016
0.016
0.016
0.016
0.016
0.016
0.016
20
20
20
20
20
20
20
20
20
20
20
20
20
20
20
20
20
20
20
20
20
20
20
20
20
20
20
20
20
20
0.016
0.016
0.016
0.016
0.016
0.016
0.016
0.016
0.016
0.016
0.016
0.01600000002
0.01621117898
0.01835450659
0.01834450555
0.01734004203
0.01731673193
0.01733090625
0.01735405715
0.01739166089
0.01742149675
1.204080924
4.976825147
12.25345995
22.96216657
29.61929565
29.99999877
29.99999995
30
30.00000004
30.00000118
30.00000163
30.00000158
30.00000045
26.52702178
20
20
20
20
20
20
20
19.99999999
0.016
0.016
0.016
0.016
0.016
0.016
0.016
20
20
20
20
20
20
20
20
20
20
20
20
20
20
20
20
20
20
20
20
20
20
20
20
20
20
20
20
20
20
0.016
0.016
0.016
0.016
0.016
0.016
0.016
0.016
0.016
0.01600000001
0.01600000002
0.01603637862
0.01786339273
0.01789453527
0.01792905472
0.01735530943
0.01732938077
0.01735405715
2.991164703
10.68771258
18.9855783
24.77268178
27.18040129
29.59810493
29.99992347
30
30
29.99999992
29.99999991
30.00000046
30.00000129
30.00000034
30.00000061
24.56268711
20
20
20
20
20
20
20
20
20
20
0.01600000155
0.016
0.016
0.016
0.016
0.016
20
20
20
20
20
20
20
20
20
20
20
20
20
20
20
20
20
20
20
20
20
20
20
20
20
20
20
20
20
20
0.016
0.016
0.016
0.016
0.016
0.016
0.016
0.016
0.01600000001
0.01600000042
0.01600000072
0.01721127413
0.01718168585
0.01728078185
0.01767111628
0.01800411794
6.014258266
20.09338432
26.71829677
29.12877432
29.99884462
29.99979959
29.99999776
29.99999997
30
30.00000024
30.00000044
29.99999981
29.99999944
29.9999993
29.99999958
30.00000004
21.30436388
20
20
20
20
20
20
20
20
20
20
20
20
0.016
0.016
0.016
0.016
0.016
20
20
20
20
20
20
20
20
20
20
20
20
20
20
20
20
20
20
20
20
20
20
20
20
20
20
20
20
20
20
0.016
0.016
0.016
0.016
0.016
0.016
0.016
0.01600000001
0.01600000047
0.01600001666
0.01649901753
0.01650384757
0.01671060935
0.01826452193
1.718995583
17.72561962
27.81911047
29.99865926
29.9789964
29.99999993
29.99918212
29.999799
30
30
30.00000047
30.0000007
30.00000013
29.9999999
29.99999922
29.99999979
26.45578033
20
20
20
20
20
20
20
20
20
20
20
20
20
20
19.99999999
0.01600000185
0.016
0.016
0.016
20
20
20
20
20
20
20
20
20
20
20
20
20
20
20
20
20
20
20
20
20
20
20
20
20
20
20
20
20
20
0.016
0.016
0.016
0.016
0.016
0.016
0.016
0.01600000048
0.01600001679
0.01616436558
0.01616456303
0.01651747693
0.02248975205
5.59718833
24.07454091
29.99004687
29.99977548
29.99999657
29.99999993
30
30.00000039
30.00000064
30.00000041
30.00000058
30.00000051
30.00000009
29.99999962
29.99999983
29.01992483
20.15881092
20
20
20
20
20
20
20
20
20
20
20
20
20
20
20
20
0.01600001531
0.016
0.016
0.016
20
20
20
20
20
20
20
20
20
20
20
20
20
20
20
20
20
20
20
20
20
20
20
20
20
20
20
20
20
20
0.016
0.016
0.016
0.016
0.016
0.016
0.0160000002
0.01600060433
0.01604080916
0.01608261835
0.01645187364
0.02889261079
7.364962186
26.93850288
29.99496489
29.99993975
29.99999842
29.99999979
29.99999983
29.99999981
30.00000012
29.99999989
29.99999964
29.99999961
29.99999939
29.99999973
28.72312092
20.52237425
20
20
20
20
20
20
20
20
20
20
20
20
20
20
20
20
20
20
19.99999999
0.016
0.016
0.016
19.99999999
20
20
20
20
20
20
20
20
20
20
20
20
20
20
20
20
20
20
20
20
20
20
20
20
20
20
20
20
20
0.016
0.016
0.016
0.016
0.01600000002
0.01600000284
0.01600020516
0.01600894741
0.01616444855
0.0168420932
0.03004185546
6.032513103
27.0004073
29.99653203
29.99996928
29.99999816
29.99999956
29.99999954
29.99999954
29.9999999
30.00000039
29.99999903
29.99999926
29.99999995
26.30152687
20.00968349
20
20
20
20
20
20
20
20
20
20
20
20
20
20
20
20
20
20
20
20
20
19.99999998
0.0160000302
0.01600001654
20
20
20
20
20
20
20
20
20
20
20
20
20
20
20
20
20
20
20
20
20
20
20
20
20
20
20
20
20
20
0.016
0.016
0.016
0.016
0.01600000159
0.0160000528
0.01600116344
0.01604816611
0.01704902076
0.03795653676
2.660710012
21.78111507
29.99653208
29.99997587
29.99999894
29.99999922
29.99999927
29.99999933
29.99999953
30.0000001
29.99999939
29.2037425
22.40923024
20
20
20
20
20
20
20
20
20
20
20
20
20
20
20
20
20
20
20
20
20
20
20
20
20
0.01600001159
0.016
20
20
20
20
20
20
20
20
20
20
20
20
20
20
20
20
20
20
20
20
20
20
20
20
20
20
20
20
20
20
0.016
0.016
0.016
0.01600000001
0.01600000145
0.01600022681
0.01601468125
0.01648119276
0.02322764538
0.1112197361
11.29048523
29.79976901
29.99997578
29.99999892
29.9999993
29.99999908
29.99999915
30.00000022
30.00000005
25.25813976
20.03767696
20
20
20
20
20
20
20
20
20
20
20
20
20
20
20
20
20
20
20
20
20
20
20
20
20
20
20
20
0.01600000911
20
20
20
20
20
20
20
20
20
20
20
20
20
20
20
20
20
20
20
20
20
20
20
20
20
20
20
20
20
20
0.016
0.016
0.016
0.01600000002
0.01600000436
0.01600041707
0.01602209294
0.01668965783
0.02521160807
1.602210155
20.54824521
29.99958691
29.9996093
29.99998676
29.9999994
29.99999924
30.00000003
22.72137328
20
20
20
20
20
20
20
20
20
20
20
20
20
20
20
20
20
20
20
20
20
20
20
20
20
20
20
20
20
20
19.99999999
0.01600000217
20
20
20
20
20
20
20
20
20
20
20
20
20
20
20
20
20
20
20
20
20
20
20
20
20
20
20
20
20
20
0.016
0.016
0.016
0.01600000001
0.01600000282
0.01600039468
0.01602026806
0.01638254594
0.02105639895
7.549742514
29.75823
29.95418782
29.99862535
30
29.99999974
22.52295483
20
20
20
20
20
20
20
20
20
20
20
20
20
20
20
20
20
20
20
20
20
20
20
20
20
20
20
20
20
20
20
20
20
0.01600005694
20
20
20
20
20
20
20
20
20
20
20
20
20
20
20
20
20
20
20
20
20
20
20
20
20
20
20
20
20
20
0.016
0.016
0.016
0.01600000009
0.01600000952
0.01600072808
0.016021312
0.01775377028
3.099156892
22.12717714
27.64455031
29.99999991
30
24.83786626
20
20
20
20
20
20
20
20
20
20
20
20
20
20
20
20
20
20
20
20
20
20
20
20
20
20
20
20
20
20
20
20
20
20
20
0.016
19.99999999
20
20
20
20
20
20
20
20
20
20
20
20
20
20
20
20
20
20
20
20
20
20
20
20
20
20
20
20
20
0.016
0.016
0.016
0.01600000017
0.01600005332
0.01600445662
0.01605187478
0.08147851328
7.955960915
16.79657308
28.72677339
29.0844169
20.53588843
20
20
20
20
20
20
20
20
20
20
20
20
20
20
20
20
20
20
20
20
20
20
20
20
20
20
20
20
20
20
20
20
20
20
20
20
19.99999999
20
20
20
20
20
20
20
20
20
20
20
20
20
20
20
20
20
20
20
20
20
20
20
20
20
20
20
20
20
20
0.016
0.016
0.01600000001
0.01600000204
0.01600034362
0.01602988468
0.01609359357
0.3995805935
12.06382531
18.82788543
25.71502226
20
20
20
20
20
20
20
20
20
20
20
20
20
20
20
20
20
20
20
20
20
20
20
20
20
20
20
20
20
20
20
20
20
20
20
20
20
20
20
20
20
20
20
20
20
20
20
20
20
20
20
20
20
20
20
20
20
20
20
20
20
20
20
20
20
20
20
20
20
0.016
0.016
0.016
0.01600000001
0.01600007035
0.01600007945
0.01600110143
0.01611229699
9.648436409
0.016000544
20
20
20
20
20
20
20
20
20
20
20
20
20
20
20
20
20
20
20
20
20
20
20
20
20
20
20
20
20
20
20
20
20
20
20
20
20
20
20
20
20
20
20
20
20
20
20
20
20
20
20
20
20
20
20
20
20
20
20
20
20
20
20
20
20
20
20
20
20
20
0.016
0.016
0.01600000001
0.01600000076
0.01600011284
0.01600011173
0.01600014065
0.01600538402
5.173320098
0.01600039442
20
20
20
20
20
20
20
20
20
20
20
20
20
20
20
20
20
20
20
20
20
20
20
20
20
20
20
20
20
20
20
20
20
20
20
20
20
20
20
20
20
20
20
20
20
20
20
20
20
20
20
20
20
20
20
20
20
20
20
20
20
20
20
20
20
20
20
20
20
20
0.016
0.016
0.016
0.01600000024
0.01600005181
0.01600010463
0.1637931024
0.4795424934
0.3182862373
0.01600039777
20
20
20
20
20
20
20
20
20
20
20
20
20
20
20
20
20
20
20
20
20
20
20
20
20
20
20
20
20
20
20
20
20
20
20
20
20
20
20
20
20
20
20
20
20
20
20
20
20
20
20
20
20
20
20
20
20
20
20
20
20
20
20
20
20
20
20
20
20
20
0.016
0.016
0.01600000002
0.01600001394
0.01600293494
0.01898754381
0.3669666894
0.5481211167
0.2216819922
0.01600034257
20
20
20
20
20
20
20
20
20
20
20
20
20
20
20
20
20
20
20
20
20
20
20
20
20
20
20
20
20
20
20
20
20
20
20
20
20
20
20
20
20
20
20
20
20
20
20
20
20
20
20
20
20
20
20
20
20
20
20
20
20
20
20
20
20
20
20
20
20
20
0.016
0.016
0.01600000019
0.01600010311
0.01601602215
0.01726932436
0.1113751924
0.472108705
0.6636625148
0.0160002576
19.99999999
20
20
20
20
20
20
20
20
20
20
20
20
20
20
20
20
20
20
20
20
20
20
20
20
20
20
20
20
20
20
20
20
20
20
20
20
20
20
20
20
20
20
20
20
20
20
20
20
20
20
20
20
20
20
20
20
20
20
20
20
20
20
20
20
20
20
20
20
20
0.016
0.016
0.016
0.01600000028
0.01600199051
0.01620926174
0.01619030442
0.04461591561
0.5942723488
2.690038898
19.99999999
20
20
20
20
20
20
20
20
20
20
20
20
20
20
20
20
20
20
20
20
20
20
20
20
20
20
20
20
20
20
20
20
20
20
20
20
20
20
19.99999999
20
20
20
20
20
20
20
20
20
20
20
20
20
20
20
20
20
20
20
20
20
20
20
20
20
20
20
20
20
20
0.016
0.016
0.016
0.01599999999
0.01599999886
0.01600005556
0.01600493412
0.01603741696
0.02275196867
2.684960373
0.01600016234
20
20
20
20
20
20
20
20
20
20
20
20
20
20
20
20
20
20
20
20
20
20
20
20
20
20
20
20
20
20
20
20
20
20
20
20
20
20
0.016
19.99999999
20
20
20
20
20
20
20
20
20
20
20
20
20
20
20
20
20
20
20
20
20
20
20
20
20
20
20
20
20
0.016
0.016
0.016
0.016
0.01599999997
0.01600000147
0.01600019647
0.01600162604
0.01602426606
2.644329596
0.0160001026
20
20
20
20
20
20
20
20
20
20
20
20
20
20
20
20
20
20
20
20
20
20
20
20
20
20
20
20
20
20
20
20
20
20
20
20
20
20
0.01600005696
20
20
20
20
20
20
20
20
20
20
20
20
20
20
20
20
20
20
20
20
20
20
20
20
20
20
20
20
20
20
0.016
0.016
0.016
0.016
0.016
0.01600000004
0.01600000746
0.01600007839
0.01600124714
2.487169095
0.01600005466
19.99999999
20
20
20
20
20
20
20
20
20
20
20
20
20
20
20
20
20
20
20
20
20
20
20
20
20
20
20
20
20
20
20
20
20
20
20
20
19.99999999
0.01600000235
20
20
20
20
20
20
20
20
20
20
20
20
20
20
20
20
20
20
20
20
20
20
20
20
20
20
20
20
20
20
0.016
0.016
0.016
0.016
0.016
0.01600000002
0.01600000027
0.01600000422
0.01600007254
1.495353619
1.798447885
19.99999999
20
20
20
20
20
20
20
20
20
20
20
20
20
20
20
20
20
20
20
20
20
20
20
20
20
20
20
20
20
20
20
20
20
20
20
20
20
0.01600000875
20
20
20
20
20
20
20
20
20
20
20
20
20
20
20
20
20
20
20
20
20
20
20
20
20
20
20
20
20
20
0.016
0.016
0.016
0.016
0.016
0.01600000011
0.01600000012
0.01600000024
0.01600000403
1.008455477
1.793608938
0.01600004844
20
20
20
20
20
20
20
20
20
20
20
20
20
20
20
20
20
20
20
20
20
20
20
20
20
20
20
20
20
20
20
20
20
20
20
20
0.0160000117
0.016
20
20
20
20
20
20
20
20
20
20
20
20
20
20
20
20
20
20
20
20
20
20
20
20
20
20
20
20
20
20
0.016
0.016
0.016
0.016
0.016
0.01600000007
0.01600000014
0.01600000003
0.01600000022
0.4734678152
1.778708176
0.9758818013
19.99999999
20
20
20
20
20
20
20
20
20
20
20
20
20
20
20
20
20
20
20
20
20
20
20
20
20
20
20
20
20
20
20
20
20
20
19.99999998
0.01600002963
0.01600001644
20
20
20
20
20
20
20
20
20
20
20
20
20
20
20
20
20
20
20
20
20
20
20
20
20
20
20
20
20
20
0.016
0.016
0.016
0.016
0.016
0.01600000001
0.01600000001
0.01600000002
0.01600000003
0.190249503
0.9227932915
0.539991602
0.06748305281
20
20
20
20
20
20
20
20
20
20
20
20
20
20
20
20
20
20
20
20
20
20
20
20
20
20
20
20
20
20
20
20
20
19.99999999
0.016
0.016
0.016
19.99999999
20
20
20
20
20
20
20
20
20
20
20
20
20
20
20
20
20
20
20
20
20
20
20
20
20
20
20
20
20
0.016
0.016
0.016
0.016
0.016
0.016
0.01600012056
0.01600009171
0.01600000022
0.01759861215
0.01991440168
0.03245254196
0.01749426987
0.01600002415
20
20
20
20
20
20
20
20
20
20
20
20
20
20
20
20
20
20
20
20
20
20
20
20
20
20
20
20
20
20
20
20
0.01600001517
0.016
0.016
0.016
20
20
20
20
20
20
20
20
20
20
20
20
20
20
20
20
20
20
20
20
20
20
20
20
20
20
20
20
20
20
0.016
0.016
0.016
0.016
0.016
0.01601878914
0.0160050476
0.01600009739
0.01600025108
0.01600025731
0.01617196523
0.01626050964
0.01604185421
0.01600136774
19.99999999
20
20
20
20
20
20
20
20
20
20
20
20
20
20
20
20
20
20
20
20
20
20
20
20
20
20
20
20
20
20
19.99999999
0.016000001
0.016
0.016
0.016
20
20
20
20
20
20
20
20
20
20
20
20
20
20
20
20
20
20
20
20
20
20
20
20
20
20
20
20
20
20
0.016
0.016
0.01635711011
0.01913852244
0.0200431602
0.01721424798
0.01600041792
0.01600016048
0.01600251561
0.01600115086
0.01602270273
0.01602723619
0.01600199282
0.01600004437
0.01600000034
20
20
20
20
20
20
20
20
20
20
20
20
20
20
20
20
20
20
20
20
20
20
20
20
20
20
20
20
20
20
0.016
0.016
0.016
0.016
0.016
20
20
20
20
20
20
20
20
20
20
20
20
20
20
20
20
20
20
20
20
20
20
20
20
20
20
20
20
20
20
0.016
0.01708967442
0.02016737005
0.02030226023
0.02030239619
0.01812848341
0.0160031927
0.01600018464
0.01600019175
0.01600025027
0.01621434282
0.01601098405
0.01600000291
0.01600000002
0.016
0.0160000027
20
20
20
20
20
20
20
20
20
20
20
20
20
20
20
20
20
20
20
20
20
20
20
20
20
20
20
20
0.016
0.016
0.016
0.016
0.016
0.016
20
20
20
20
20
20
20
20
20
20
20
20
20
20
20
20
20
20
20
20
20
20
20
20
20
20
20
20
20
20
0.01619506942
0.0202993066
0.02030226023
0.02030243539
0.02030226023
0.01734816256
0.01600082546
0.01600019302
0.01735464332
0.01781563037
0.01642286047
0.01600228571
0.01600000553
0.01600000002
0.016
0.016
0.016
19.99999999
20
20
20
20
20
20
20
20
20
20
20
20
20
20
20
20
20
20
20
20
20
20
20
20
19.99999999
0.016
0.016
0.016
0.016
0.016
0.016
0.016
20
20
20
20
20
20
20
20
20
20
20
20
20
20
20
20
20
20
20
20
20
20
20
20
20
20
20
20
20
20
0.0190258333
0.0183769456
0.01760680132
0.01973033041
0.0181104577
0.01613833876
0.01600151461
0.01688978992
0.02723658418
0.02614454362
0.01627503555
0.01600103836
0.01600000485
0.01600000002
0.016
0.016
0.016
0.01600000245
0.01600002264
20
20
20
20
20
20
20
20
20
20
20
20
20
20
20
20
20
20
20
20
20
19.99999999
0.01600001472
0.01600000097
0.016
0.016
0.016
0.016
0.016
0.016
0.016
20
20
20
20
20
20
20
20
20
20
20
20
20
20
20
20
20
20
20
20
20
20
20
20
20
20
20
20
20
20
0.02039212342
0.01615559435
0.01611312024
0.01630783571
0.01607458624
0.01607254067
0.01609336428
0.02354255449
0.02726466531
0.02134556915
0.01607637291
0.01600047439
0.01600000244
0.01600000002
0.016
0.016
0.016
0.016
0.016
0.016
19.99999999
20
20
20
20
20
20
20
20
20
20
20
20
20
20
20
20
20
20
19.99999998
0.016
0.016
0.016
0.016
0.016
0.016
0.016
0.016
0.016
0.016
20
20
20
20
20
20
20
20
20
20
20
20
20
20
20
20
20
20
20
20
20
20
20
20
20
20
20
20
20
20
0.02080931083
0.01610755907
0.01610738053
0.01628974107
0.01618144718
0.01607274561
0.01621203169
0.02331040375
0.02724201467
0.0160702808
0.01600483387
0.01600008507
0.01600000093
0.01600000001
0.016
0.016
0.016
0.016
0.016
0.016
0.01600000219
0.01600001733
19.99999999
19.99999999
20
20
20
20
20
20
20
20
20
20
20
20
19.99999999
20
0.0160000139
0.01600002879
0.016
0.016
0.016
0.016
0.016
0.016
0.016
0.016
0.016
0.016
20
20
20
20
20
20
20
20
20
20
20
20
20
20
20
20
20
20
20
20
20
20
20
20
20
20
20
20
20
20
0.02380006524
0.0161073819
0.01632265777
0.01670417724
0.0167015587
0.01630350269
0.01629664109
0.01714194145
0.01745440279
0.01600012809
0.01600000324
0.01600000326
0.01600000033
0.01600000001
0.016
0.016
0.016
0.016
0.016
0.016
0.016
0.016
0.016
0.016
0.01600001806
0.01600003002
19.99999999
19.99999999
20
20
20
20
19.99999998
20
0.01600000471
0.01600003151
0.016
0.01600002
0.016
0.01600002294
0.016
0.016
0.016
0.016
0.016
0.016
0.016
0.016
0.016
0.016
20
20
20
20
20
20
20
20
20
20
20
20
20
20
20
20
20
20
20
20
20
20
20
20
20
20
20
20
20
20
0.02404259303
0.01707931882
0.01605019819
0.01670410788
0.01670419492
0.01670374288
0.01610896001
0.01600121815
0.01600033019
0.01600000776
0.01600000075
0.01600000067
0.01600000008
0.016
0.016
0.016
0.016
0.016
0.016
0.016
0.016
0.016
0.016
0.016
0.016
0.016
0.016
0.016
0.01600000295
0.01600000039
0.016
0.016
0.016
0.01600001303
0.016
0.01600002343
0.01600001493
20
20
20
20
19.99999999
19.99999999
0.01600001249
0.016
0.016
0.016
0.016
0.016
0.016
20
20
20
20
20
20
20
20
20
20
20
20
20
20
20
20
20
20
20
20
20
20
20
20
20
20
20
20
20
20
0.02404259303
0.01790421068
0.01600489104
0.01643056017
0.01670374288
0.01627248596
0.01600021017
0.01600005566
0.01600001129
0.01600000093
0.01600000102
0.01600000019
0.01600000001
0.016
0.016
0.016
0.016
0.016
0.016
0.016
0.016
0.016
0.016
0.016
0.016
0.016
0.016
0.016
0.016
0.016
0.016
0.016
0.016
0.01600003326
0.016
19.99999999
20
20
20
20
20
20
20
20
20
0.0160000042
0.016
0.016
0.016
0.016
20
20
20
20
20
20
20
20
20
20
20
20
20
20
20
20
20
20
20
20
20
20
20
20
20
20
20
20
20
20
0.02404259303
0.01605075668
0.01600427141
0.01601513034
0.01608008218
0.01600015865
0.01600000874
0.01600001372
0.01600000091
0.0160000006
0.01600000044
0.01600000002
0.016
0.016
0.016
0.016
0.016
0.016
0.016
0.016
0.016
0.016
0.016
0.016
0.016
0.016
0.016
0.016
0.016
0.016
0.016
0.016
0.016
19.99999998
20
20
20
20
20
20
20
20
20
20
20
20
19.99999999
0.016
0.016
0.016
19.99999999
20
20
20
20
20
20
20
20
20
20
20
20
20
20
20
20
20
20
20
20
20
20
20
20
20
20
20
20
20
0.01764503213
0.01600427141
0.016004169
0.01600002335
0.01600005297
0.01600000797
0.01600000214
0.01600001241
0.01600000007
0.01600000018
0.01600000004
0.016
0.016
0.016
0.016
0.016
0.016
0.016
0.016
0.016
0.016
0.016
0.016
0.016
0.016
0.016
0.016
0.016
0.016
0.016
0.016
0.01600000058
19.99999999
20
20
20
20
20
20
20
20
20
20
20
20
20
20
19.99999998
0.01600003122
0.01600001505
20
20
20
20
20
20
20
20
20
20
20
20
20
20
20
20
20
20
20
20
20
20
20
20
20
20
20
20
20
20
0.01600122962
0.01600581936
0.01600516969
0.01600000593
0.016000001
0.01600000021
0.01600000183
0.01600000505
0.01600000002
0.01600000001
0.016
0.016
0.016
0.016
0.016
0.016
0.016
0.016
0.016
0.016
0.016
0.016
0.016
0.016
0.016
0.016
0.016
0.016
0.016
0.016
0.016
0.01600000681
20
20
20
20
20
20
20
20
20
20
20
20
20
20
20
20
0.01600000753
0.016
19.99999999
20
20
20
20
20
20
20
20
20
20
20
20
20
20
20
20
20
20
20
20
20
20
20
20
20
20
20
20
20
0.01600003491
0.01600113728
0.01600187222
0.0160000014
0.01600000002
0.01600000006
0.01600000039
0.01600000051
0.01600000001
0.016
0.016
0.016
0.016
0.016
0.016
0.016
0.016
0.016
0.016
0.016
0.016
0.016
0.016
0.016
0.016
0.016
0.016
0.016
0.016
0.016
0.016
20
20
20
20
20
20
20
20
20
20
20
20
20
20
20
20
20
20
0.01600005928
20
20
20
20
20
20
20
20
20
20
20
20
20
20
20
20
20
20
20
20
20
20
20
20
20
20
20
20
20
20
0.01600000057
0.0160000031
0.01600000695
0.01600002481
0.016
0.01600000002
0.01600000002
0.01600000001
0.016
0.016
0.016
0.016
0.016
0.016
0.016
0.016
0.016
0.016
0.016
0.016
0.016
0.016
0.016
0.016
0.016
0.016
0.016
0.016
0.016
0.016
0.01600001676
20
20
20
20
20
20
20
20
20
20
20
20
20
20
20
20
20
19.99999999
0.01600000105
20
20
20
20
20
20
20
20
20
20
20
20
20
20
20
20
20
20
20
20
20
20
20
20
20
20
20
20
20
20
0.01600000001
0.01600000004
0.01600000064
0.01600000506
0.016
0.016
0.016
0.016
0.016
0.016
0.016
0.016
0.016
0.016
0.016
0.016
0.016
0.016
0.016
0.016
0.016
0.016
0.016
0.016
0.016
0.016
0.016
0.016
0.016
0.016
19.99999999
20
20
20
20
20
20
20
20
20
20
20
20
20
20
20
20
20
20
20
20
20
20
20
20
20
20
20
20
20
20
20
20
20
20
20
20
20
20
20
20
20
20
20
20
20
20
20
20
20
0.016
0.016
0.01600000002
0.01600000007
0.016
0.016
0.016
0.016
0.016
0.016
0.016
0.016
0.016
0.016
0.016
0.016
0.016
0.016
0.016
0.016
0.016
0.016
0.016
0.016
0.016
0.016
0.016
0.016
0.016
0.016
19.99999999
20
20
20
20
20
20
20
20
20
20
20
20
20
20
20
20
20
20
20
20
20
20
20
20
20
20
20
20
20
20
20
20
20
20
20
20
20
20
20
20
20
20
20
20
20
20
20
20
20
0.016
0.016
0.016
0.016
0.016
0.016
0.016
0.016
0.016
0.016
0.016
0.016
0.016
0.016
0.016
0.016
0.016
0.016
0.016
0.016
0.016
0.016
0.016
0.016
0.016
0.016
0.016
0.016
0.016
0.01600000601
20
20
20
20
20
20
20
20
20
20
20
20
20
20
20
20
20
20
20
20
20
20
20
20
20
20
20
20
20
20
20
20
20
20
20
20
20
20
20
20
20
20
20
20
20
20
20
20
20
20
0.016
0.016
0.016
0.016
0.016
0.016
0.016
0.016
0.016
0.016
0.016
0.016
0.016
0.016
0.016
0.016
0.016
0.016
0.016
0.016
0.016
0.016
0.016
0.016
0.016
0.016
0.016
0.016
0.016
0.01600000602
20
20
20
20
20
20
20
20
20
20
20
20
20
20
20
20
20
20
20
20
20
20
20
20
20
20
20
20
20
20
20
20
20
20
20
20
20
20
20
20
20
20
20
20
20
20
20
20
20
20
0.016
0.016
0.016
0.016
0.016
0.016
0.016
0.016
0.016
0.016
0.016
0.016
0.016
0.016
0.016
0.016
0.016
0.016
0.016
0.016
0.016
0.016
0.016
0.016
0.016
0.016
0.016
0.016
0.016
0.016
19.99999999
20
20
20
20
20
20
20
20
20
20
20
20
20
20
20
20
20
20
20
20
20
20
20
20
20
20
20
20
20
20
20
20
20
20
20
20
20
20
20
20
20
20
20
20
20
20
20
20
20
0.016
0.016
0.016
0.016
0.016
0.016
0.016
0.016
0.016
0.016
0.016
0.016
0.016
0.016
0.016
0.016
0.016
0.016
0.016
0.016
0.016
0.016
0.016
0.016
0.016
0.016
0.016
0.016
0.016
0.016
19.99999999
20
20
20
20
20
20
20
20
20
20
20
20
20
20
20
20
20
20
20
20
20
20
20
20
20
20
20
20
20
20
20
20
20
20
20
20
20
20
20
20
20
20
20
20
20
20
20
20
20
0.016
0.016
0.016
0.016
0.016
0.016
0.016
0.016
0.016
0.016
0.016
0.016
0.016
0.016
0.016
0.016
0.016
0.016
0.016
0.016
0.016
0.016
0.016
0.016
0.016
0.016
0.016
0.016
0.016
0.016
0.01600001669
20
20
20
20
20
20
20
20
20
20
20
20
20
20
20
20
20
19.99999999
0.01600000106
20
20
20
20
20
20
20
20
20
20
20
20
20
20
20
20
20
20
20
20
20
20
20
20
20
20
20
20
20
20
0.016
0.016
0.016
0.016
0.016
0.016
0.016
0.016
0.016
0.016
0.016
0.016
0.016
0.016
0.016
0.016
0.016
0.016
0.016
0.016
0.016
0.016
0.016
0.016
0.016
0.016
0.016
0.016
0.016
0.016
0.016
20
20
20
20
20
20
20
20
20
20
20
20
20
20
20
20
20
20
0.01600005929
20
20
20
20
20
20
20
20
20
20
20
20
20
20
20
20
20
20
20
20
20
20
20
20
20
20
20
20
20
20
0.016
0.016
0.016
0.016
0.016
0.016
0.016
0.016
0.016
0.016
0.016
0.016
0.016
0.016
0.016
0.016
0.016
0.016
0.016
0.016
0.016
0.016
0.016
0.016
0.016
0.016
0.016
0.016
0.016
0.016
0.016
0.01600000694
20
20
20
20
20
20
20
20
20
20
20
20
20
20
20
20
0.01600000753
0.016
19.99999999
20
20
20
20
20
20
20
20
20
20
20
20
20
20
20
20
20
20
20
20
20
20
20
20
20
20
20
20
20
0.016
0.016
0.016
0.016
0.016
0.016
0.016
0.016
0.016
0.016
0.016
0.016
0.016
0.016
0.016
0.016
0.016
0.016
0.016
0.016
0.016
0.016
0.016
0.016
0.016
0.016
0.016
0.016
0.016
0.016
0.016
0.01600000064
19.99999999
20
20
20
20
20
20
20
20
20
20
20
20
20
20
19.99999998
0.01600003122
0.01600001508
20
20
20
20
20
20
20
20
20
20
20
20
20
20
20
20
20
20
20
20
20
20
20
20
20
20
20
20
20
20
0.016
0.016
0.016
0.016
0.016
0.016
0.016
0.016
0.016
0.016
0.016
0.016
0.016
0.016
0.016
0.016
0.016
0.016
0.016
0.016
0.016
0.016
0.016
0.016
0.016
0.016
0.016
0.016
0.016
0.016
0.016
0.016
0.016
19.99999998
20
20
20
20
20
20
20
20
20
20
20
20
19.99999999
0.016
0.016
0.016
19.99999999
20
20
20
20
20
20
20
20
20
20
20
20
20
20
20
20
20
20
20
20
20
20
20
20
20
20
20
20
20
0.016
0.016
0.016
0.016
0.016
0.016
0.016
0.016
0.016
0.016
0.016
0.016
0.016
0.016
0.016
0.016
0.016
0.016
0.016
0.016
0.016
0.016
0.016
0.016
0.016
0.016
0.016
0.016
0.016
0.016
0.016
0.016
0.016
0.01600003322
0.016
19.99999999
20
20
20
20
20
20
20
20
20
0.01600000421
0.016
0.016
0.016
0.016
20
20
20
20
20
20
20
20
20
20
20
20
20
20
20
20
20
20
20
20
20
20
20
20
20
20
20
20
20
20
0.016
0.016
0.016
0.016
0.016
0.016
0.016
0.016
0.016
0.016
0.016
0.016
0.016
0.016
0.016
0.016
0.016
0.016
0.016
0.016
0.016
0.016
0.016
0.016
0.016
0.016
0.016
0.016
0.01600000284
0.01600000034
0.016
0.016
0.016
0.016000013
0.016
0.01600002342
0.01600001492
20
20
20
20
19.99999999
19.99999999
0.01600001249
0.016
0.016
0.016
0.016
0.016
0.016
20
20
20
20
20
20
20
20
20
20
20
20
20
20
20
20
20
20
20
20
20
20
20
20
20
20
20
20
20
20
0.016
0.016
0.016
0.016
0.016
0.016
0.016
0.016
0.016
0.016
0.016
0.016
0.016
0.016
0.016
0.016
0.016
0.016
0.016
0.016
0.016
0.016
0.016
0.016
0.01600001804
0.01600003014
19.99999999
19.99999999
20
20
20
20
19.99999998
20
0.0160000047
0.0160000315
0.016
0.01600002
0.016
0.01600002294
0.016
0.016
0.016
0.016
0.016
0.016
0.016
0.016
0.016
0.016
20
20
20
20
20
20
20
20
20
20
20
20
20
20
20
20
20
20
20
20
20
20
20
20
20
20
20
20
20
20
0.016
0.016
0.016
0.016
0.016
0.016
0.016
0.016
0.016
0.016
0.016
0.016
0.016
0.016
0.016
0.016
0.016
0.016
0.016
0.01600000002
0.01600000197
0.01600001738
19.99999999
19.99999999
20
20
20
20
20
20
20
20
20
20
20
20
19.99999999
20
0.01600001392
0.01600002878
0.016
0.016
0.016
0.016
0.016
0.016
0.016
0.016
0.016
0.016
20
20
20
20
20
20
20
20
20
20
20
20
20
20
20
20
20
20
20
20
20
20
20
20
20
20
20
20
20
20
0.016
0.016
0.016
0.016
0.016
0.016
0.016
0.016
0.016
0.016
0.016
0.016
0.016
0.016
0.016
0.016
0.016
0.016
0.016
0.016
19.99999999
20
20
20
20
20
20
20
20
20
20
20
20
20
20
20
20
20
20
19.99999998
0.016
0.016
0.016
0.016
0.016
0.016
0.016
0.016
0.016
0.016
20
20
20
20
20
20
20
20
20
20
20
20
20
20
20
20
20
20
20
20
20
20
20
20
20
20
20
20
20
20
0.016
0.016
0.016
0.016
0.016
0.016
0.016
0.016
0.016
0.016
0.016
0.016
0.016
0.016
0.016
0.016
0.01600000003
0.01600000223
0.01600002282
20
20
20
20
20
20
20
20
20
20
20
20
20
20
20
20
20
20
20
20
20
19.99999999
0.01600001475
0.01600000096
0.016
0.016
0.016
0.016
0.016
0.016
0.016
20
20
20
20
20
20
20
20
20
20
20
20
20
20
20
20
20
20
20
20
20
20
20
20
20
20
20
20
20
20
0.016
0.016
0.016
0.016
0.016
0.016
0.016
0.016
0.016
0.016
0.016
0.016
0.016
0.016
0.016
0.016
0.016
19.99999999
20
20
20
20
20
20
20
20
20
20
20
20
20
20
20
20
20
20
20
20
20
20
20
20
19.99999999
0.016
0.016
0.016
0.016
0.016
0.016
0.016
20
20
20
20
20
20
20
20
20
20
20
20
20
20
20
20
20
20
20
20
20
20
20
20
20
20
20
20
20
20
0.016
0.016
0.016
0.016
0.016
0.016
0.016
0.016
0.016
0.016
0.016
0.016
0.016
0.016
0.016
0.01600000229
20
20
20
20
20
20
20
20
20
20
20
20
20
20
20
20
20
20
20
20
20
20
20
20
20
20
20
20
0.016
0.016
0.016
0.016
0.016
0.016
20
20
20
20
20
20
20
20
20
20
20
20
20
20
20
20
20
20
20
20
20
20
20
20
20
20
20
20
20
20
0.016
0.016
0.016
0.016
0.016
0.016
0.016
0.016
0.016
0.016
0.016
0.016
0.016
0.016
0.016
20
20
20
20
20
20
20
20
20
20
20
20
20
20
20
20
20
20
20
20
20
20
20
20
20
20
20
20
20
20
0.016
0.016
0.016
0.016
0.016
20
20
20
20
20
20
20
20
20
20
20
20
20
20
20
20
20
20
20
20
20
20
20
20
20
20
20
20
20
20
0.016
0.016
0.016
0.016
0.016
0.016
0.016
0.016
0.016
0.016
0.016
0.016
0.016
0.01600000231
19.99999999
20
20
20
20
20
20
20
20
20
20
20
20
20
20
20
20
20
20
20
20
20
20
20
20
20
20
20
20
20
20
19.99999999
0.01600000102
0.016
0.016
0.016
20
20
20
20
20
20
20
20
20
20
20
20
20
20
20
20
20
20
20
20
20
20
20
20
20
20
20
20
20
20
0.016
0.016
0.016
0.016
0.016
0.016
0.016
0.016
0.016
0.016
0.016
0.016
0.016
0.01600002298
20
20
20
20
20
20
20
20
20
20
20
20
20
20
20
20
20
20
20
20
20
20
20
20
20
20
20
20
20
20
20
20
0.01600001524
0.016
0.016
0.016
20
20
20
20
20
20
20
20
20
20
20
20
20
20
20
20
20
20
20
20
20
20
20
20
20
20
20
20
20
20
0.016
0.016
0.016
0.016
0.016
0.016
0.016
0.016
0.016
0.016
0.016
0.016
0.016
20
20
20
20
20
20
20
20
20
20
20
20
20
20
20
20
20
20
20
20
20
20
20
20
20
20
20
20
20
20
20
20
20
19.99999999
0.016
0.016
0.016
19.99999999
20
20
20
20
20
20
20
20
20
20
20
20
20
20
20
20
20
20
20
20
20
20
20
20
20
20
20
20
20
0.016
0.016
0.016
0.016
0.016
0.016
0.016
0.016
0.016
0.016
0.016
0.01600000212
19.99999999
20
20
20
20
20
20
20
20
20
20
20
20
20
20
20
20
20
20
20
20
20
20
20
20
20
20
20
20
20
20
20
20
20
20
19.99999998
0.01600002969
0.01600001658
20
20
20
20
20
20
20
20
20
20
20
20
20
20
20
20
20
20
20
20
20
20
20
20
20
20
20
20
20
20
0.016
0.016
0.016
0.016
0.016
0.016
0.016
0.016
0.016
0.016
0.016
0.01600001774
20
20
20
20
20
20
20
20
20
20
20
20
20
20
20
20
20
20
20
20
20
20
20
20
20
20
20
20
20
20
20
20
20
20
20
20
0.01600001183
0.016
20
20
20
20
20
20
20
20
20
20
20
20
20
20
20
20
20
20
20
20
20
20
20
20
20
20
20
20
20
20
0.016
0.016
0.016
0.016
0.016
0.016
0.016
0.016
0.016
0.016
0.016
19.99999999
20
20
20
20
20
20
20
20
20
20
20
20
20
20
20
20
20
20
20
20
20
20
20
20
20
20
20
20
20
20
20
20
20
20
20
20
20
0.01600000876
20
20
20
20
20
20
20
20
20
20
20
20
20
20
20
20
20
20
20
20
20
20
20
20
20
20
20
20
20
20
0.016
0.016
0.016
0.016
0.016
0.016
0.016
0.016
0.016
0.016
0.016
19.99999999
20
20
20
20
20
20
20
20
20
20
20
20
20
20
20
20
20
20
20
20
20
20
20
20
20
20
20
20
20
20
20
20
20
20
20
20
19.99999999
0.01600000244
20
20
20
20
20
20
20
20
20
20
20
20
20
20
20
20
20
20
20
20
20
20
20
20
20
20
20
20
20
20
0.016
0.016
0.016
0.016
0.016
0.016
0.016
0.016
0.016
0.016
0.01600001855
20
20
20
20
20
20
20
20
20
20
20
20
20
20
20
20
20
20
20
20
20
20
20
20
20
20
20
20
20
20
20
20
20
20
20
20
20
20
0.01600005697
20
20
20
20
20
20
20
20
20
20
20
20
20
20
20
20
20
20
20
20
20
20
20
20
20
20
20
20
20
20
0.016
0.016
0.016
0.016
0.016
0.016
0.016
0.016
0.016
0.016
0.01600003119
20
20
20
20
20
20
20
20
20
20
20
20
20
20
20
20
20
20
20
20
20
20
20
20
20
20
20
20
20
20
20
20
20
20
20
20
20
20
0.016
19.99999999
20
20
20
20
20
20
20
20
20
20
20
20
20
20
20
20
20
20
20
20
20
20
20
20
20
20
20
20
20
0.016
0.016
0.016
0.016
0.016
0.016
0.016
0.016
0.016
0.016
19.99999999
20
20
20
20
20
20
20
20
20
20
20
20
20
20
20
20
20
20
20
20
20
20
20
20
20
20
20
20
20
20
20
20
20
20
20
20
20
20
19.99999999
20
20
20
20
20
20
20
20
20
20
20
20
20
20
20
20
20
20
20
20
20
20
20
20
20
20
20
20
20
20
0.016
0.016
0.016
0.016
0.016
0.016
0.016
0.016
0.016
0.016
19.99999999
20
20
20
20
20
20
20
20
20
20
20
20
20
20
20
20
20
20
20
20
20
20
20
20
20
20
20
20
20
20
20
20
20
20
20
20
20
20
20
20
20
20
20
20
20
20
20
20
20
20
20
20
20
20
20
20
20
20
20
20
20
20
20
20
20
20
20
20
20
0.016
0.016
0.016
0.016
0.016
0.016
0.016
0.016
0.016
0.01600000433
20
20
20
20
20
20
20
20
20
20
20
20
20
20
20
20
20
20
20
20
20
20
20
20
20
20
20
20
20
20
20
20
20
20
20
20
20
20
20
20
20
20
20
20
20
20
20
20
20
20
20
20
20
20
20
20
20
20
20
20
20
20
20
20
20
20
20
20
20
20
0.016
0.016
0.016
0.016
0.016
0.016
0.016
0.016
0.016
0.01600000231
20
20
20
20
20
20
20
20
20
20
20
20
20
20
20
20
20
20
20
20
20
20
20
20
20
20
20
20
20
20
20
20
20
20
20
20
20
20
20
20
20
20
20
20
20
20
20
20
20
20
20
20
20
20
20
20
20
20
20
20
20
20
20
20
20
20
20
20
20
20
0.016
0.016
0.016
0.016
0.016
0.016
0.016
0.016
0.016
0.01600000231
20
20
20
20
20
20
20
20
20
20
20
20
20
20
20
20
20
20
20
20
20
20
20
20
20
20
20
20
20
20
20
20
20
20
20
20
20
20
20
20
20
20
20
20
20
20
20
20
20
20
20
20
20
20
20
20
20
20
20
20
20
20
20
20
20
20
20
20
20
20
0.016
0.016
0.016
0.016
0.016
0.016
0.016
0.016
0.016
0.01600000434
20
20
20
20
20
20
20
20
20
20
20
20
20
20
20
20
20
20
20
20
20
20
20
20
20
20
20
20
20
20
20
20
20
20
20
20
20
20
20
20
20
20
20
20
20
20
20
20
20
20
20
20
20
20
20
20
20
20
20
20
20
20
20
20
20
20
20
20
20
20
0.016
0.016
0.016
0.016
0.016
0.016
0.016
0.016
0.016
0.016
19.99999999
20
20
20
20
20
20
20
20
20
20
20
20
20
20
20
20
20
20
20
20
20
20
20
20
20
20
20
20
20
20
20
20
20
20
20
20
20
20
20
20
20
20
20
20
20
20
20
20
20
20
20
20
20
20
20
20
20
20
20
20
20
20
20
20
20
20
20
20
20
0.016
0.016
0.016
0.016
0.016
0.016
0.016
0.016
0.016
0.016
19.99999999
20
20
20
20
20
20
20
20
20
20
20
20
20
20
20
20
20
20
20
20
20
20
20
20
20
20
20
20
20
20
20
20
20
20
20
20
20
20
19.99999999
20
20
20
20
20
20
20
20
20
20
20
20
20
20
20
20
20
20
20
20
20
20
20
20
20
20
20
20
20
20
0.016
0.016
0.016
0.016
0.016
0.016
0.016
0.016
0.016
0.016
0.01600003123
20
20
20
20
20
20
20
20
20
20
20
20
20
20
20
20
20
20
20
20
20
20
20
20
20
20
20
20
20
20
20
20
20
20
20
20
20
20
0.016
19.99999999
20
20
20
20
20
20
20
20
20
20
20
20
20
20
20
20
20
20
20
20
20
20
20
20
20
20
20
20
20
0.016
0.016
0.016
0.016
0.016
0.016
0.016
0.016
0.016
0.016
0.01600001858
20
20
20
20
20
20
20
20
20
20
20
20
20
20
20
20
20
20
20
20
20
20
20
20
20
20
20
20
20
20
20
20
20
20
20
20
20
20
0.01600005701
20
20
20
20
20
20
20
20
20
20
20
20
20
20
20
20
20
20
20
20
20
20
20
20
20
20
20
20
20
20
0.016
0.016
0.016
0.016
0.016
0.016
0.016
0.016
0.016
0.016
0.016
19.99999999
20
20
20
20
20
20
20
20
20
20
20
20
20
20
20
20
20
20
20
20
20
20
20
20
20
20
20
20
20
20
20
20
20
20
20
20
19.99999999
0.01600000251
20
20
20
20
20
20
20
20
20
20
20
20
20
20
20
20
20
20
20
20
20
20
20
20
20
20
20
20
20
20
0.016
0.016
0.016
0.016
0.016
0.016
0.016
0.016
0.016
0.016
0.016
19.99999999
20
20
20
20
20
20
20
20
20
20
20
20
20
20
20
20
20
20
20
20
20
20
20
20
20
20
20
20
20
20
20
20
20
20
20
20
20
0.01600000885
20
20
20
20
20
20
20
20
20
20
20
20
20
20
20
20
20
20
20
20
20
20
20
20
20
20
20
20
20
20
0.016
0.016
0.016
0.016
0.016
0.016
0.016
0.016
0.016
0.016
0.016
0.01600001781
20
20
20
20
20
20
20
20
20
20
20
20
20
20
20
20
20
20
20
20
20
20
20
20
20
20
20
20
20
20
20
20
20
20
20
20
0.01600001212
0.016
20
20
20
20
20
20
20
20
20
20
20
20
20
20
20
20
20
20
20
20
20
20
20
20
20
20
20
20
20
20
0.016
0.016
0.016
0.016
0.016
0.016
0.016
0.016
0.016
0.016
0.016
0.01600000213
19.99999999
20
20
20
20
20
20
20
20
20
20
20
20
20
20
20
20
20
20
20
20
20
20
20
20
20
20
20
20
20
20
20
20
20
20
19.99999998
0.0160000299
0.01600001692
20
20
20
20
20
20
20
20
20
20
20
20
20
20
20
20
20
20
20
20
20
20
20
20
20
20
20
20
20
20
0.016
0.016
0.016
0.016
0.016
0.016
0.016
0.016
0.016
0.016
0.016
0.016
0.016
20
20
20
20
20
20
20
20
20
20
20
20
20
20
20
20
20
20
20
20
20
20
20
20
20
20
20
20
20
20
20
20
20
19.99999999
0.016
0.016
0.016
19.99999999
20
20
20
20
20
20
20
20
20
20
20
20
20
20
20
20
20
20
20
20
20
20
20
20
20
20
20
20
20
0.016
0.016
0.016
0.016
0.016
0.016
0.016
0.016
0.016
0.016
0.016
0.016
0.016
0.01600002313
20
20
20
20
20
20
20
20
20
20
20
20
20
20
20
20
20
20
20
20
20
20
20
20
20
20
20
20
20
20
20
20
0.01600001616
0.016
0.016
0.016
20
20
20
20
20
20
20
20
20
20
20
20
20
20
20
20
20
20
20
20
20
20
20
20
20
20
20
20
20
20
0.016
0.016
0.016
0.016
0.016
0.016
0.016
0.016
0.016
0.016
0.016
0.016
0.016
0.01600000231
19.99999999
20
20
20
20
20
20
20
20
20
20
20
20
20
20
20
20
20
20
20
20
20
20
20
20
20
20
20
20
20
20
19.99999999
0.01600000134
0.016
0.016
0.016
20
20
20
20
20
20
20
20
20
20
20
20
20
20
20
20
20
20
20
20
20
20
20
20
20
20
20
20
20
20
0.016
0.016
0.016
0.016
0.016
0.016
0.016
0.016
0.016
0.016
0.016
0.016
0.016
0.016
0.016
20
20
20
20
20
20
20
20
20
20
20
20
20
20
20
20
20
20
20
20
20
20
20
20
20
20
20
20
20
20
0.016
0.016
0.016
0.016
0.016
20
20
20
20
20
20
20
20
20
20
20
20
20
20
20
20
20
20
20
20
20
20
20
20
20
20
20
20
20
20
0.016
0.016
0.016
0.016
0.016
0.016
0.016
0.016
0.016
0.016
0.016
0.016
0.016
0.016
0.016
0.01600000256
20
20
20
20
20
20
20
20
20
20
20
20
20
20
20
20
20
20
20
20
20
20
20
20
20
20
20
20
0.01600000095
0.016
0.016
0.016
0.016
0.016
20
20
20
20
20
20
20
20
20
20
20
20
20
20
20
20
20
20
20
20
20
20
20
20
20
20
20
20
20
20
0.016
0.016
0.016
0.016
0.016
0.016
0.016
0.016
0.016
0.016
0.016
0.016
0.016
0.016
0.016
0.016
0.016
19.99999999
20
20
20
20
20
20
20
20
20
20
20
20
20
20
20
20
20
20
20
20
20
20
20
20
19.99999999
0.016
0.016
0.016
0.016
0.016
0.016
0.016
20
20
20
20
20
20
20
20
20
20
20
20
20
20
20
20
20
20
20
20
20
20
20
20
20
20
20
20
20
20
0.016
0.016
0.016
0.016
0.016
0.016
0.016
0.016
0.016
0.016
0.016
0.016
0.016
0.016
0.016
0.016
0.016
0.01600000231
0.01600002311
20
20
20
20
20
20
20
20
20
20
20
20
20
20
20
20
20
20
20
20
20
20
0.01600002216
0.01600000197
0.016
0.016
0.016
0.016
0.016
0.016
0.016
20
20
20
20
20
20
20
20
20
20
20
20
20
20
20
20
20
20
20
20
20
20
20
20
20
20
20
20
20
20
0.016
0.016
0.016
0.016
0.016
0.016
0.016
0.016
0.016
0.016
0.016
0.016
0.016
0.016
0.016
0.016
0.016
0.016
0.016
0.016
19.99999999
20
20
20
20
20
20
20
20
20
20
20
20
20
20
20
20
20
20
19.99999999
0.016
0.016
0.016
0.016
0.016
0.016
0.016
0.016
0.016
0.016
20
20
20
20
20
20
20
20
20
20
20
20
20
20
20
20
20
20
20
20
20
20
20
20
20
20
20
20
20
20
0.016
0.016
0.016
0.016
0.016
0.016
0.016
0.016
0.016
0.016
0.016
0.016
0.016
0.016
0.016
0.016
0.016
0.016
0.016
0.016
0.01600000212
0.01600001776
19.99999999
19.99999999
20
20
20
20
20
20
20
20
20
20
20
20
19.99999999
19.99999999
0.01600001734
0.01600000195
0.016
0.016
0.016
0.016
0.016
0.016
0.016
0.016
0.016
0.016
20
20
20
20
20
20
20
20
20
20
20
20
20
20
20
20
20
20
20
20
20
20
20
20
20
20
20
20
20
20
0.016
0.016
0.016
0.016
0.016
0.016
0.016
0.016
0.016
0.016
0.016
0.016
0.016
0.016
0.016
0.016
0.016
0.016
0.016
0.016
0.016
0.016
0.016
0.016
0.01600001853
0.01600003112
19.99999999
19.99999999
20
20
20
20
19.99999999
19.99999999
0.0160000309
0.01600001834
0.016
0.016
0.016
0.016
0.016
0.016
0.016
0.016
0.016
0.016
0.016
0.016
0.016
0.016
20
20
20
20
20
20
20
20
20
20
20
20
20
20
20
20
20
20
20
20
20
20
20
20
20
20
20
20
20
20
0.016
0.016
0.016
0.016
0.016
0.016
0.016
0.016
0.016
0.016
0.016
0.016
0.016
0.016
0.016
0.016
0.016
0.016
0.016
0.016
0.016
0.016
0.016
0.016
0.016
0.016
0.016
0.016
0.01600000426
0.01600000221
0.0160000022
0.01600000422
0.016
0.016
0.016
0.016
0.016
0.016
0.016
0.016
0.016
0.016
0.016
0.016
0.016
0.016
0.016
0.016
0.016
0.016
20
20
20
20
20
20
20
20
20
20
20
20
20
20
20
20
20
20
20
20
20
20
20
20
20
20
20
20
20
20
0.016
0.016
0.016
0.016
0.016
0.016
0.016
0.016
0.016
0.016
0.016
0.016
0.016
0.016
0.016
0.016
0.016
0.016
0.016
0.016
0.016
0.016
0.016
0.016
0.016
0.016
0.016
0.016
0.016
0.016
0.016
0.016
0.016
0.016
0.016
0.016
0.016
0.016
0.016
0.016
0.016
0.016
0.016
0.016
0.016
0.016
0.016
0.016
0.016
0.016
20
20
20
20
20
20
20
20
20
20
20
20
20
20
20
20
20
20
20
20
20
20
20
20
20
20
20
20
20
20
0.016
0.016
0.016
0.016
0.016
0.016
0.016
0.016
0.016
0.016
0.016
0.016
0.016
0.016
0.016
0.016
0.016
0.016
0.016
0.016
0.016
0.016
0.016
0.016
0.016
0.016
0.016
0.016
0.016
0.016
0.016
0.016
0.016
0.016
0.016
0.016
0.016
0.016
0.016
0.016
0.016
0.016
0.016
0.016
0.016
0.016
0.016
0.016
0.016
0.016
20
20
20
20
20
20
20
20
20
20
20
20
20
20
20
20
20
20
20
20
20
20
20
20
20
20
20
20
20
20
0.016
0.016
0.016
0.016
0.016
0.016
0.016
0.016
0.016
0.016
0.016
0.016
0.016
0.016
0.016
0.016
0.016
0.016
0.016
0.016
0.016
0.016
0.016
0.016
0.016
0.016
0.016
0.016
0.016
0.016
0.016
0.016
0.016
0.016
0.016
0.016
0.016
0.016
0.016
0.016
0.016
0.016
0.016
0.016
0.016
0.016
0.016
0.016
0.016
0.016
20
20
20
20
20
20
20
20
20
20
20
20
20
20
20
20
20
20
20
20
20
20
20
20
20
20
20
20
20
20
0.016
0.016
0.016
0.016
0.016
0.016
0.016
0.016
0.016
0.016
0.016
0.016
0.016
0.016
0.016
0.016
0.016
0.016
0.016
0.016
0.016
0.016
0.016
0.016
0.016
0.016
0.016
0.016
0.016
0.016
0.016
0.016
0.016
0.016
0.016
0.016
0.016
0.016
0.016
0.016
0.016
0.016
0.016
0.016
0.016
0.016
0.016
0.016
0.016
0.016
20
20
20
20
20
20
20
20
20
20
20
20
20
20
20
20
20
20
20
20
20
20
20
20
20
20
20
20
20
20
0.016
0.016
0.016
0.016
0.016
0.016
0.016
0.016
0.016
0.016
0.016
0.016
0.016
0.016
0.016
0.016
0.016
0.016
0.016
0.016
0.016
0.016
0.016
0.016
0.016
0.016
0.016
0.016
0.016
0.016
0.016
0.016
0.016
0.016
0.016
0.016
0.016
0.016
0.016
0.016
0.016
0.016
0.016
0.016
0.016
0.016
0.016
0.016
0.016
0.016
20
20
20
20
20
20
20
20
20
20
20
20
20
20
20
20
20
20
20
20
20
20
20
20
20
20
20
20
20
20
0.016
0.016
0.016
0.016
0.016
0.016
0.016
0.016
0.016
0.016
0.016
0.016
0.016
0.016
0.016
0.016
0.016
0.016
0.016
0.016
0.016
0.016
0.016
0.016
0.016
0.016
0.016
0.016
0.016
0.016
0.016
0.016
0.016
0.016
0.016
0.016
0.016
0.016
0.016
0.016
0.016
0.016
0.016
0.016
0.016
0.016
0.016
0.016
0.016
0.016
20
20
20
20
20
20
20
20
20
20
20
20
20
20
20
20
20
20
20
20
20
20
20
20
20
20
20
20
20
20
0.016
0.016
0.016
0.016
0.016
0.016
0.016
0.016
0.016
0.016
0.016
0.016
0.016
0.016
0.016
0.016
0.016
0.016
0.016
0.016
0.016
0.016
0.016
0.016
0.016
0.016
0.016
0.016
0.016
0.016
0.016
0.016
0.016
0.016
0.016
0.016
0.016
0.016
0.016
0.016
0.016
0.016
0.016
0.016
0.016
0.016
0.016
0.016
0.016
0.016
20
20
20
20
20
20
20
20
20
20
20
20
20
20
20
20
20
20
20
20
20
20
20
20
20
20
20
20
20
20
0.016
0.016
0.016
0.016
0.016
0.016
0.016
0.016
0.016
0.016
0.016
0.016
0.016
0.016
0.016
0.016
0.016
0.016
0.016
0.016
0.016
0.016
0.016
0.016
0.016
0.016
0.016
0.016
0.016
0.016
0.016
0.016
0.016
0.016
0.016
0.016
0.016
0.016
0.016
0.016
0.016
0.016
0.016
0.016
0.016
0.016
0.016
0.016
0.016
0.016
20
20
20
20
20
20
20
20
20
20
20
20
20
20
20
20
20
20
20
20
20
20
20
20
20
20
20
20
20
20
0.016
0.016
0.016
0.016
0.016
0.016
0.016
0.016
0.016
0.016
0.016
0.016
0.016
0.016
0.016
0.016
0.016
0.016
0.016
0.016
0.016
0.016
0.016
0.016
0.016
0.016
0.016
0.016
0.016
0.016
0.016
0.016
0.016
0.016
0.016
0.016
0.016
0.016
0.016
0.016
0.016
0.016
0.016
0.016
0.016
0.016
0.016
0.016
0.016
0.016
20
20
20
20
20
20
20
20
20
20
20
20
20
20
20
20
20
20
20
20
20
20
20
20
20
20
20
20
20
20
0.016
0.016
0.016
0.016
0.016
0.016
0.016
0.016
0.016
0.016
0.016
0.016
0.016
0.016
0.016
0.016
0.016
0.016
0.016
0.016
0.016
0.016
0.016
0.016
0.016
0.016
0.016
0.016
0.016
0.016
0.016
0.016
0.016
0.016
0.016
0.016
0.016
0.016
0.016
0.016
0.016
0.016
0.016
0.016
0.016
0.016
0.016
0.016
0.016
0.016
20
20
20
20
20
20
20
20
20
20
20
20
20
20
20
20
20
20
20
20
20
20
20
20
20
20
20
20
20
20
0.016
0.016
0.016
0.016
0.016
0.016
0.016
0.016
0.016
0.016
0.016
0.016
0.016
0.016
0.016
0.016
0.016
0.016
0.016
0.016
0.016
0.016
0.016
0.016
0.016
0.016
0.016
0.016
0.016
0.016
0.016
0.016
0.016
0.016
0.016
0.016
0.016
0.016
0.016
0.016
0.016
0.016
0.016
0.016
0.016
0.016
0.016
0.016
0.016
0.016
20
20
20
20
20
20
20
20
20
20
20
20
20
20
20
20
20
20
20
20
20
20
20
20
20
20
20
20
20
20
0.016
0.016
0.016
0.016
0.016
0.016
0.016
0.016
0.016
0.016
0.016
0.016
0.016
0.016
0.016
0.016
0.016
0.016
0.016
0.016
0.016
0.016
0.016
0.016
0.016
0.016
0.016
0.016
0.016
0.016
0.016
0.016
0.016
0.016
0.016
0.016
0.016
0.016
0.016
0.016
0.016
0.016
0.016
0.016
0.016
0.016
0.016
0.016
0.016
0.016
20
20
20
20
20
20
20
20
20
20
20
20
20
20
20
20
20
20
20
20
20
20
20
20
20
20
20
20
20
20
0.016
0.016
0.016
0.016
0.016
0.016
0.016
0.016
0.016
0.016
0.016
0.016
0.016
0.016
0.016
0.016
0.016
0.016
0.016
0.016
0.016
0.016
0.016
0.016
0.016
0.016
0.016
0.016
0.016
0.016
0.016
0.016
0.016
0.016
0.016
0.016
0.016
0.016
0.016
0.016
0.016
0.016
0.016
0.016
0.016
0.016
0.016
0.016
0.016
0.016
20
20
20
20
20
20
20
20
20
20
20
20
20
20
20
20
20
20
20
20
20
20
20
20
20
20
20
20
20
20
0.016
0.016
0.016
0.016
0.016
0.016
0.016
0.016
0.016
0.016
0.016
0.016
0.016
0.016
0.016
0.016
0.016
0.016
0.016
0.016
0.016
0.016
0.016
0.016
0.016
0.016
0.016
0.016
0.016
0.016
0.016
0.016
0.016
0.016
0.016
0.016
0.016
0.016
0.016
0.016
0.016
0.016
0.016
0.016
0.016
0.016
0.016
0.016
0.016
0.016
20
20
20
20
20
20
20
20
20
20
20
20
20
20
20
20
20
20
20
20
20
20
20
20
20
20
20
20
20
20
0.016
0.016
0.016
0.016
0.016
0.016
0.016
0.016
0.016
0.016
0.016
0.016
0.016
0.016
0.016
0.016
0.016
0.016
0.016
0.016
0.016
0.016
0.016
0.016
0.016
0.016
0.016
0.016
0.016
0.016
0.016
0.016
0.016
0.016
0.016
0.016
0.016
0.016
0.016
0.016
0.016
0.016
0.016
0.016
0.016
0.016
0.016
0.016
0.016
0.016
20
20
20
20
20
20
20
20
20
20
20
20
20
20
20
20
20
20
20
20
20
20
20
20
20
20
20
20
20
20
0.016
0.016
0.016
0.016
0.016
0.016
0.016
0.016
0.016
0.016
0.016
0.016
0.016
0.016
0.016
0.016
0.016
0.016
0.016
0.016
0.016
0.016
0.016
0.016
0.016
0.016
0.016
0.016
0.016
0.016
0.016
0.016
0.016
0.016
0.016
0.016
0.016
0.016
0.016
0.016
0.016
0.016
0.016
0.016
0.016
0.016
0.016
0.016
0.016
0.016
20
20
20
20
20
20
20
20
20
20
20
20
20
20
20
20
20
20
20
20
20
20
20
20
20
20
20
20
20
20
0.016
0.016
0.016
0.016
0.016
0.016
0.016
0.016
0.016
0.016
0.016
0.016
0.016
0.016
0.016
0.016
0.016
0.016
0.016
0.016
0.016
0.016
0.016
0.016
0.016
0.016
0.016
0.016
0.016
0.016
0.016
0.016
0.016
0.016
0.016
0.016
0.016
0.016
0.016
0.016
0.016
0.016
0.016
0.016
0.016
0.016
0.016
0.016
0.016
0.016
20
20
20
20
20
20
20
20
20
20
20
20
20
20
20
20
20
20
20
20
20
20
20
20
20
20
20
20
20
20
0.016
0.016
0.016
0.016
0.016
0.016
0.016
0.016
0.016
0.016
0.016
0.016
0.016
0.016
0.016
0.016
0.016
0.016
0.016
0.016
0.016
0.016
0.016
0.016
0.016
0.016
0.016
0.016
0.016
0.016
0.016
0.016
0.016
0.016
0.016
0.016
0.016
0.016
0.016
0.016
0.016
0.016
0.016
0.016
0.016
0.016
0.016
0.016
0.016
0.016
20
20
20
20
20
20
20
20
20
20
20
20
20
20
20
20
20
20
20
20
20
20
20
20
20
20
20
20
20
20
0.016
0.016
0.016
0.016
0.016
0.016
0.016
0.016
0.016
0.016
0.016
0.016
0.016
0.016
0.016
0.016
0.016
0.016
0.016
0.016
0.016
0.016
0.016
0.016
0.016
0.016
0.016
0.016
0.016
0.016
0.016
0.016
0.016
0.016
0.016
0.016
0.016
0.016
0.016
0.016
0.016
0.016
0.016
0.016
0.016
0.016
0.016
0.016
0.016
0.016
20
20
20
20
20
20
20
20
20
20
20
20
20
20
20
20
20
20
20
20
20
20
20
20
20
20
20
20
20
20
)
;

boundaryField
{
    lowerWall
    {
        type            calculated;
        value           uniform 20;
    }
    atmosphere
    {
        type            calculated;
        value           nonuniform List<scalar> 
240
(
0.016
0.016
0.016
0.016
0.016
0.016
0.016
0.016
0.016
0.016
0.016
0.016
0.016
0.016
0.016
0.016
0.016
0.016
0.016
0.016
0.016
0.016
0.016
0.016
0.016
0.016
0.016
0.016
0.016
0.016
0.016
0.016
0.016
0.016
0.016
0.016
0.016
0.016
0.016
0.016
0.016
0.016
0.016
0.016
0.016
0.016
0.016
0.016
0.016
0.016
0.016
0.016
0.016
0.016
0.016
0.016
0.016
0.016
0.016
0.016
0.016
0.016
0.016
0.016
0.016
0.016
0.016
0.016
0.016
0.016
0.016
0.016
0.016
0.016
0.016
0.016
0.016
0.016
0.016
0.016
0.016
0.016
0.016
0.016
0.016
0.016
0.016
0.016
0.016
0.016
0.016
0.016
0.016
0.016
0.016
0.016
0.016
0.016
0.016
0.016
0.016
0.016
0.03012949591
0.03302377111
0.03293428351
0.02410740257
0.01924919337
0.02010121115
0.02015474602
0.01726629515
0.01601142015
0.01600981878
0.01601012316
0.7130996511
1.031256839
1.031291053
0.2975831765
0.016
0.016
0.016
0.016
0.016
0.016
0.016
0.016
0.016
0.016
0.016
0.016
0.016
0.016
0.016
0.016
0.016
0.016
0.016
0.016
0.016
0.016
0.016
0.016
0.016
0.016
0.016
0.016
0.016
0.016
0.016
0.016
0.016
0.016
0.016
0.016
0.016
0.016
0.016
0.016
0.016
0.02080931083
0.02380006524
0.02404259303
0.02404259303
0.02404259303
0.01764503213
0.01600122962
0.01600003491
0.01600000057
0.01600000001
0.016
0.016
0.016
0.016
0.016
0.016
0.016
0.016
0.016
0.016
0.016
0.016
0.016
0.016
0.016
0.016
0.016
0.016
0.016
0.016
0.016
0.016
0.016
0.016
0.016
0.016
0.016
0.016
0.016
0.016
0.016
0.016
0.016
0.016
0.016
0.016
0.016
0.016
0.016
0.016
0.016
0.016
0.016
0.016
0.016
0.016
0.016
0.016
0.016
0.016
0.016
0.016
0.016
0.016
0.016
0.016
0.016
0.016
0.016
0.016
0.016
0.016
0.016
0.016
0.016
0.016
0.016
0.016
0.016
0.016
0.016
0.016
)
;
    }
    rightWall
    {
        type            empty;
    }
    leftWall
    {
        type            empty;
    }
    frontAndBack
    {
        type            calculated;
        value           nonuniform List<scalar> 
160
(
0.016
0.016
0.016
0.016
0.016
0.016
0.016
0.016
0.016
0.016
0.016
0.016
0.016
0.016
0.016
0.016
0.016
0.016
0.016
0.016
0.016
0.016
0.016
0.016
0.016
0.016
0.016
0.016
0.016
0.016
0.016
0.016
0.016
0.016
0.016
0.016
0.016
0.016
0.016
0.016
0.016
0.016
0.016
0.016
0.016
0.016
0.016
0.016
0.016
0.016
20
20
20
20
20
20
20
20
20
20
20
20
20
20
20
20
20
20
20
20
20
20
20
20
20
20
20
20
20
20
0.016
0.016
0.016
0.016
0.016
0.016
0.016
0.016
0.016
0.016
0.016
0.016
0.016
0.016
0.016
0.016
0.016
0.016
0.016
0.016
0.016
0.016
0.016
0.016
0.016
0.016
0.016
0.016
0.016
0.016
0.016
0.016
0.016
0.016
0.016
0.016
0.016
0.016
0.016
0.016
0.016
0.016
0.016
0.016
0.016
0.016
0.016
0.016
0.016
0.016
20
20
20
20
20
20
20
20
20
20
20
20
20
20
20
20
20
20
20
20
20
20
20
20
20
20
20
20
20
20
)
;
    }
}


// ************************************************************************* //
