/*--------------------------------*- C++ -*----------------------------------*\
  =========                 |
  \\      /  F ield         | OpenFOAM: The Open Source CFD Toolbox
   \\    /   O peration     | Website:  https://openfoam.org
    \\  /    A nd           | Version:  10
     \\/     M anipulation  |
\*---------------------------------------------------------------------------*/
FoamFile
{
    format      ascii;
    class       labelList;
    location    "constant";
    object      cellDecomposition;
}
// * * * * * * * * * * * * * * * * * * * * * * * * * * * * * * * * * * * * * //


500
(
0
0
0
0
0
1
1
1
1
1
0
0
0
0
0
1
1
1
1
1
0
0
0
0
0
1
1
1
1
1
0
0
0
0
0
1
1
1
1
1
0
0
0
0
0
1
1
1
1
1
0
0
0
0
0
1
1
1
1
1
0
0
0
0
0
1
1
1
1
1
0
0
0
0
0
1
1
1
1
1
0
0
0
0
0
1
1
1
1
1
0
0
0
0
0
1
1
1
1
1
0
0
0
0
0
1
1
1
1
1
0
0
0
0
0
1
1
1
1
1
0
0
0
0
0
1
1
1
1
1
0
0
0
0
0
1
1
1
1
1
0
0
0
0
0
1
1
1
1
1
0
0
0
0
0
1
1
1
1
1
0
0
0
0
0
1
1
1
1
1
0
0
0
0
0
1
1
1
1
1
0
0
0
0
0
1
1
1
1
1
0
0
0
0
0
1
1
1
1
1
0
0
0
0
0
1
1
1
1
1
0
0
0
0
0
1
1
1
1
1
0
0
0
0
0
1
1
1
1
1
0
0
0
0
0
1
1
1
1
1
0
0
0
0
0
1
1
1
1
1
2
2
2
2
2
3
3
3
3
3
2
2
2
2
2
3
3
3
3
3
2
2
2
2
2
3
3
3
3
3
2
2
2
2
2
3
3
3
3
3
2
2
2
2
2
3
3
3
3
3
2
2
2
2
2
3
3
3
3
3
2
2
2
2
2
3
3
3
3
3
2
2
2
2
2
3
3
3
3
3
2
2
2
2
2
3
3
3
3
3
2
2
2
2
2
3
3
3
3
3
2
2
2
2
2
3
3
3
3
3
2
2
2
2
2
3
3
3
3
3
2
2
2
2
2
3
3
3
3
3
2
2
2
2
2
3
3
3
3
3
2
2
2
2
2
3
3
3
3
3
2
2
2
2
2
3
3
3
3
3
2
2
2
2
2
3
3
3
3
3
2
2
2
2
2
3
3
3
3
3
2
2
2
2
2
3
3
3
3
3
2
2
2
2
2
3
3
3
3
3
2
2
2
2
2
3
3
3
3
3
2
2
2
2
2
3
3
3
3
3
2
2
2
2
2
3
3
3
3
3
2
2
2
2
2
3
3
3
3
3
2
2
2
2
2
3
3
3
3
3
)


// ************************************************************************* //
